#Task    Step    numberOfAcceptedPeleSteps    currentEnergy    Binding Energy    sasaLig    
1    0    0    -8419.56    -22.8278    0.0464101    
1    1    1    -9765.36    -24.7396    0.030054    
1    2    2    -9785.75    -20.6508    0.0323024    
1    3    3    -9821.69    -24.0416    0.0437512    
1    4    4    -9825.85    -22.8417    0.0371725    
1    6    5    -9828.69    -23.1897    0.0383238    
1    8    6    -9833.52    -20.1345    0.0417657    
1    9    7    -9836.47    -27.341    0.021949    
1    10    8    -9843.97    -25.4135    0.0150553    
1    11    9    -9844.01    -22.5341    0.013203    
1    12    10    -9846.81    -21.291    0.0467035    
1    14    11    -9845.42    -17.2567    0.0277442    
1    18    12    -9847.44    -16.7811    0.0374142    
1    19    13    -9846.39    -24.6027    0.0377062    
1    22    14    -9850.49    -20.592    0.0464212    
1    24    15    -9851.15    -19.2032    0.0469614    
