#Task    Step    numberOfAcceptedPeleSteps    currentEnergy    Binding Energy    sasaLig    
1     0     0     -8419.56     -22.8278     0.0464101
1     1     1     -9784.12     -24.5149     0.0258935
1     2     2     -9816.83     -23.7181     0.0330048
1     4     3     -9829.25     -19.6379     0.0241353
1     6     4     -9841.7     -19.8641     0.0333133
1     8     5     -9843.5     -20.5441     0.0202688
1     10     6     -9848.59     -19.7233     0.037951
1     14     7     -9849.48     -19.2049     0.0592777
1     17     8     -9849.3     -21.7013     0.0275974
1     18     9     -9852.17     -20.5902     0.0215763
1     19     10     -9857.44     -20.9376     0.0261248
1     22     11     -9867.05     -25.1687219668439     0.0201418
1     23     12     -9867.93     -21.8049219668439     0.0250862
