#Task    Step    numberOfAcceptedPeleSteps    currentEnergy    Binding Energy    sasaLig    
1     0     0     -8419.56     -22.8278     0.0464101
1     1     1     -9800.14     -24.2665     0.0377643
1     2     2     -9826.17     -22.192     0.0299328
1     3     3     -9825.18     -19.2676     0.0422268
1     4     4     -9832.4     -16.4414     0.0424076
1     5     5     -9840.52     -23.8369     0.0225859
1     6     6     -9852.24     -27.2916     0.0247377
1     8     7     -9852.71     -25.9689     0.0283455
1     9     8     -9858.82     -26.9537     0.0126388
1     10     9     -9865.33     -28.3242     0.0161952
1     12     10     -9867.34     -25.7279845940683     0.0209331
1     16     11     -9872.35     -28.896284594068298     0.0208208
1     17     12     -9872.83     -28.8881845940683     0.0224563
1     18     13     -9866.12     -22.1804     0.0235476
1     19     14     -9865.82     -26.4457     0.0282
1     20     15     -9866.93     -22.3465     0.0233653
1     22     16     -9871.11     -28.3945881512565     0.0230536
