#Task    Step    numberOfAcceptedPeleSteps    currentEnergy    Binding Energy    sasaLig    
1     0     0     -8419.56     -22.8278     0.0464101
1     1     1     -9785.44     -24.7996     0.0373185
1     2     2     -9803.15     -22.1648     0.0404636
1     4     3     -9816.44     -18.6321     0.0428378
1     5     4     -9850.69     -25.8585     0.0206838
1     6     5     -9859.34     -24.8283     0.0206724
1     7     6     -9856.3     -24.9881     0.0222837
1     8     7     -9866.42     -24.8873     0.0151994
1     22     8     -9867.19     -25.4827845940683     0.0217567
