#Task    Step    numberOfAcceptedPeleSteps    currentEnergy    Binding Energy    sasaLig    
1    0    0    -8419.56    -22.8278    0.0464101    
1    1    1    -9829.69    -24.8273    0.030764    
1    2    2    -9839.21    -23.5556    0.0361731    
1    4    3    -9842.8    -22.9084    0.030197    
1    6    4    -9845.53    -23.655    0.0264823    
1    8    5    -9849.25    -24.7322    0.0233783    
1    10    6    -9848.66    -20.1543    0.0275208    
1    12    7    -9848.75    -20.0237    0.0254706    
1    14    8    -9855.85    -25.2696    0.0250405    
1    15    9    -9853.93    -22.7768    0.0335117    
1    16    10    -9857.62    -23.4742    0.028958    
1    24    11    -9857.83    -21.6507    0.0292003    
