#Task    Step    numberOfAcceptedPeleSteps    currentEnergy    Binding Energy    sasaLig    
1    0    0    -8419.56    -22.8278    0.0464101    
1    1    1    -9743.62    -24.1054    0.0381496    
1    2    2    -9784.86    -23.7655    0.0384139    
1    3    3    -9846.94    -25.1755    0.0251229    
1    4    4    -9858.01    -25.369    0.0282875    
1    6    5    -9859.42    -20.918    0.0279487    
1    12    6    -9860.5    -22.8089    0.0250018    
1    14    7    -9863.57    -24.7185    0.0252441    
1    17    8    -9862.9    -26.5345    0.0219376    
1    22    9    -9866.1    -27.9274    0.0155855    
