#Task    Step    numberOfAcceptedPeleSteps    currentEnergy    Binding Energy    sasaLig    
1    0    0    -8419.56    -22.8278    0.0464101    
1    1    1    -9814.11    -24.8218    0.0364655    
1    2    2    -9822.92    -16.8677    0.0315386    
1    3    3    -9838.27    -22.2    0.0245123    
1    4    4    -9848.72    -23.7662    0.0276381    
1    5    5    -9850.12    -24.1215    0.0251835    
1    6    6    -9849.77    -20.3229    0.0230536    
1    9    7    -9848.1    -24.5268    0.0238847    
1    10    8    -9853.39    -23.0372    0.0294085    
1    11    9    -9859.79    -24.8609    0.0227289    
1    12    10    -9860.57    -25.3013    0.0241631    
1    20    11    -9861.38    -23.3478    0.0263045    
1    21    12    -9860.68    -25.3607    0.0225253    
1    24    13    -9860.81    -24.6936    0.0239595    
