#Task    Step    numberOfAcceptedPeleSteps    currentEnergy    Binding Energy    sasaLig    
1    0    0    -8419.56    -22.8278    0.0464101    
1    1    1    -9802.3    -27.6784    0.0259872    
1    2    2    -9806.64    -17.7341    0.0266596    
1    4    3    -9834.56    -18.7914    0.0259391    
1    5    4    -9829.57    -25.693    0.00220093    
1    6    5    -9839.11    -21.8141    0.0438359    
1    8    6    -9844    -20.9959    0.0353703    
1    10    7    -9850.01    -22.5518    0.0457414    
1    12    8    -9851.51    -21.1611    0.0371588    
1    18    9    -9852.35    -16.5652    0.0308724    
1    20    10    -9861.21    -24.2758    0.0352875    
1    22    11    -9861.61    -26.0086    0.0278259    
1    24    12    -9860.37    -21.4598    0.0221295    
