#Task    Step    numberOfAcceptedPeleSteps    currentEnergy    Binding Energy    sasaLig    
1    0    0    -8419.56    -22.8278    0.0464101    
1    1    1    -9769.03    -24.3219    0.038799    
1    2    2    -9795.23    -20.5093    0.0371974    
1    5    3    -9814.91    -22.5266    0.0295476    
1    6    4    -9816.65    -15.8692    0.0391402    
1    7    5    -9818.08    -21.3387    0.0418394    
1    8    6    -9830.9    -21.1422    0.0288693    
1    9    7    -9833.73    -29.2575    0.0241106    
1    12    8    -9846.38    -28.8974    0.0185062    
1    13    9    -9850.04    -25.6244    0.0137921    
1    15    10    -9847.02    -26.0508    0.0146114    
1    16    11    -9854.32    -23.7305    0.0126632    
1    25    12    -9847.85    -23.9413    0.0101262    
