#Task    Step    numberOfAcceptedPeleSteps    currentEnergy    Binding Energy    sasaLig    
1    0    0    -8419.56    -22.8278    0.0464101    
1    1    1    -9784.79    -24.0369    0.0392667    
1    2    2    -9794.77    -9.20826    0.0388203    
1    3    3    -9803.8    -15.3514    0.0522003    
1    4    4    -9819.93    -16.7087    0.0241599    
1    6    5    -9839.8    -22.1292    0.0284053    
1    7    6    -9841.3    -22.7212    0.0260365    
1    8    7    -9840.77    -18.1478    0.0294645    
1    9    8    -9840.06    -22.9585    0.0262787    
1    10    9    -9844.43    -19.2391    0.0121211    
1    14    10    -9845.82    -19.3443    0.016127    
1    16    11    -9848.1    -19.2345    0.0134678    
1    17    12    -9846.38    -21.9706    0.0385145    
1    18    13    -9845.6    -17.5374    0.04397    
1    20    14    -9849.7    -18.4475    0.0476331    
1    21    15    -9846.15    -19.1421    0.0561664    
1    22    16    -9850.41    -18.4334    0.0703107    
1    24    17    -9853.62    -19.2317    0.074431    
