#Task    Step    numberOfAcceptedPeleSteps    currentEnergy    Binding Energy    sasaLig    
1    0    0    -8419.56    -22.8278    0.0464101    
1    1    1    -9814.73    -25.2809    0.0327727    
1    2    2    -9813.82    -18.4314    0.0208254    
1    3    3    -9856.06    -29.7035    0.0263491    
1    4    4    -9857.73    -25.3706    0.0305392    
1    6    5    -9866.35    -29.5267    0.0306416    
1    10    6    -9867.55    -29.1345    0.0277711    
1    16    7    -9872.49    -29.5264    0.026621    
1    20    8    -9874.87    -32.5259    0.0271841    
