#Task    Step    numberOfAcceptedPeleSteps    currentEnergy    Binding Energy    sasaLig    
1    0    0    -9857.72    -19.1979    0.0746313    
1    2    1    -9858.63    -19.3593    0.0627223    
1    4    2    -9858.4    -18.6728    0.0542702    
1    8    3    -9859.84    -20.4117    0.0528188    
1    10    4    -9857.77    -17.7415    0.0545159    
1    11    5    -9853.69    -16.6806    0.0521309    
1    12    6    -9856.46    -16.8722    0.0531273    
1    16    7    -9855.23    -17.0636    0.0492815    
1    18    8    -9858.73    -17.5271    0.0515684    
1    20    9    -9859.5    -18.4979    0.0516789    
1    22    10    -9858.48    -16.0538    0.0550203    
