#Task    Step    numberOfAcceptedPeleSteps    currentEnergy    Binding Energy    sasaLig    
1    0    0    -9858.23    -25.242    0.0234005    
1    4    1    -9867.28    -24.751    0.021515    
1    5    2    -9866.34    -26.2406    0.0162181    
1    9    3    -9864.01    -26.6689    0.018118    
1    10    4    -9866.31    -24.6512    0.0215124    
1    11    5    -9863.67    -25.983    0.0184672    
1    12    6    -9867.54    -22.6254    0.0200329    
1    18    7    -9870.82    -25.4029    0.0198818    
1    24    8    -9870.25    -24.8056    0.0226158    
