#Task    Step    numberOfAcceptedPeleSteps    currentEnergy    Binding Energy    sasaLig    
1    0    0    -9860.3    -21.5815    0.0291926    
1    4    1    -9860.49    -23.0943    0.0219518    
1    7    2    -9859    -23.0791    0.016413    
1    8    3    -9860.22    -21.5766    0.0204008    
1    9    4    -9858.62    -28.6954    0.0204495    
1    10    5    -9865.97    -25.3413    0.0234281    
1    14    6    -9861.72    -20.3613    0.0245093    
1    15    7    -9863.89    -25.7807    0.0282045    
1    16    8    -9862.59    -24.633    0.0254082    
1    20    9    -9863.53    -24.3481    0.0272168    
1    24    10    -9864.63    -24.0409    0.0312153    
1    25    11    -9864.69    -24.7288    0.0303661    
