#Task    Step    numberOfAcceptedPeleSteps    currentEnergy    Binding Energy    sasaLig    
1    0    0    -9871.03    -21.3049    0.0249932    
1    2    1    -9873.82    -22.8967    0.0228513    
1    5    2    -9870.92    -22.303    0.0242745    
1    10    3    -9872.48    -22.3711    0.0138985    
1    14    4    -9871.66    -21.838    0.0108293    
1    18    5    -9872.11    -22.2844    0.00915083    
1    20    6    -9872.1    -22.4415    0.0113344    
1    22    7    -9874.02    -22.7636    0.0141568    
1    24    8    -9873.9    -22.1487    0.021399    
