#Task    Step    numberOfAcceptedPeleSteps    currentEnergy    Binding Energy    sasaLig    
1    0    0    -9854.95    -22.7977    0.0242096    
1    1    1    -9864.61    -25.3474    0.0354332    
1    2    2    -9871.56    -25.0442    0.0351229    
1    4    3    -9866.41    -22.8013    0.0373858    
1    10    4    -9870.88    -24.8946    0.0350481    
1    12    5    -9866.62    -19.2915    0.0273577    
1    13    6    -9873.35    -25.8473    0.0321719    
1    14    7    -9871.31    -23.3835    0.0276401    
1    18    8    -9871.85    -24.261    0.0305016    
1    20    9    -9872.28    -24.2678    0.0343962    
1    22    10    -9867.21    -21.7951    0.0367467    
1    23    11    -9869.89    -25.8036    0.0336705    
1    24    12    -9869.06    -23.5075    0.026595    
