#Task    Step    numberOfAcceptedPeleSteps    currentEnergy    Binding Energy    sasaLig    
1    0    0    -9868.96    -27.9244    0.0155299    
1    2    1    -9866.16    -22.854    0.0283941    
1    6    2    -9866.48    -23.2415    0.0269863    
1    7    3    -9869.69    -30.0942    0.0150905    
1    8    4    -9875.29    -27.4194    0.0251987    
1    10    5    -9867.9    -19.4957    0.0222349    
1    11    6    -9869.88    -28.728    0.0126181    
1    12    7    -9874.36    -27.9086    0.020383    
1    16    8    -9867.94    -23.0296    0.00579896    
1    18    9    -9875.81    -29.525    0.00705681    
1    22    10    -9873.67    -27.5157    0.0155087    
1    23    11    -9885.01    -32.0671    0.00519975    
1    24    12    -9887.69    -31.6257    0.0056717    
