#Task    Step    numberOfAcceptedPeleSteps    currentEnergy    Binding Energy    sasaLig    
1    0    0    -9858.52    -18.0142    0.0750164    
1    2    1    -9866.04    -16.9755    0.0839473    
1    4    2    -9867.85    -18.0199    0.0703699    
1    6    3    -9869.23    -18.2377    0.0800505    
1    10    4    -9868.55    -18.7887    0.0793147    
1    14    5    -9869.27    -19.7789    0.0969658    
1    16    6    -9868.31    -19.7346    0.0852583    
1    18    7    -9867.16    -18.9083    0.0733153    
1    20    8    -9867.42    -18.5447    0.0740027    
1    22    9    -9869.04    -20.1644    0.0746039    
1    24    10    -9869.48    -19.8    0.0821528    
