#Task    Step    numberOfAcceptedPeleSteps    currentEnergy    Binding Energy    sasaLig    
1    0    0    -9862.38    -22.5104    0.0444833    
1    1    1    -9871.8    -25.5199    0.0450326    
1    4    2    -9872.48    -25.2144    0.0444949    
1    10    3    -9865.48    -16.8776    0.0583329    
1    11    4    -9868.5    -17.6777    0.0561693    
1    12    5    -9869.88    -19.8292    0.0545809    
1    13    6    -9871.81    -25.1833    0.044233    
1    14    7    -9867.51    -18.9131    0.0457579    
1    16    8    -9867.06    -19.4208    0.0448326    
1    18    9    -9869.88    -20.6263    0.0283882    
1    20    10    -9868.99    -19.1514    0.0458209    
1    24    11    -9870.78    -23.1926    0.0281397    
