#Task    Step    numberOfAcceptedPeleSteps    currentEnergy    Binding Energy    sasaLig    
1    0    0    -9864.03    -22.4495    0.0404614    
1    2    1    -9866.37    -22.8617    0.041034    
1    6    2    -9865.55    -20.4304    0.0359242    
1    8    3    -9865.51    -19.098    0.0290212    
1    10    4    -9867.22    -22.0579    0.0352005    
1    14    5    -9869.49    -23.8985    0.0210657    
1    16    6    -9861.6    -27.4318    0.0210387    
1    19    7    -9869.33    -30.019    0.00847531    
1    22    8    -9873.77    -29.6277    0.01044    
