#Task    Step    numberOfAcceptedPeleSteps    currentEnergy    Binding Energy    sasaLig    
1    0    0    -9849.99    -15.9507    0.0549462    
1    2    1    -9852.45    -16.5673    0.0517805    
1    3    2    -9851.94    -16.1658    0.0654813    
1    4    3    -9856.67    -16.4815    0.0628297    
1    6    4    -9859.31    -18.8781    0.0433555    
1    8    5    -9858.76    -18.6341    0.0413346    
1    16    6    -9857.63    -17.4926    0.0509381    
1    18    7    -9858.5    -17.8168    0.0498506    
1    20    8    -9860.16    -19.212    0.0479958    
