#Task    Step    numberOfAcceptedPeleSteps    currentEnergy    Binding Energy    sasaLig    
1    0    0    -9880.88    -28.6666    0.0206073    
1    6    1    -9883.45    -29.4154    0.0190201    
1    12    2    -9881.81    -26.3058    0.0170953    
1    14    3    -9884.78    -28.7086    0.0218311    
1    16    4    -9881.76    -28.113    0.0218654    
1    17    5    -9872.19    -27.6336    0.0171265    
1    18    6    -9870.68    -23.3107    0.0234628    
1    20    7    -9875.6    -25.7848    0.0233052    
1    21    8    -9870.06    -28.0265    0.0240524    
1    22    9    -9871.11    -24.2706    0.0144633    
1    24    10    -9875.49    -26.7052    0.0163265    
