#Task    Step    numberOfAcceptedPeleSteps    currentEnergy    Binding Energy    sasaLig    
1    0    0    -9875.76    -28.1255    0.0231641    
1    2    1    -9878.41    -28.942    0.0206025    
1    5    2    -9876.68    -29.3584    0.0179958    
1    13    3    -9877.79    -29.1031    0.0205346    
1    16    4    -9875.7    -26.8519    0.0256708    
1    17    5    -9870.59    -28.4078    0.0209991    
1    18    6    -9871.02    -27.613    0.0199668    
1    20    7    -9873.57    -28.4177    0.0156381    
1    22    8    -9866.54    -20.3385    0.0158405    
1    23    9    -9871.54    -28.9184    0.0168862    
1    24    10    -9872.99    -25.3805    0.0205567    
