#Task    Step    numberOfAcceptedPeleSteps    currentEnergy    Binding Energy    sasaLig    
1    0    0    -9854.57    -19.2665    0.0470095    
1    2    1    -9855.12    -18.6185    0.0474114    
1    3    2    -9857.99    -20.6933    0.0407559    
1    4    3    -9858.55    -20.5058    0.0477483    
1    8    4    -9857.56    -19.9514    0.0390138    
1    10    5    -9860.05    -20.4955    0.0293875    
1    12    6    -9859.72    -21.6405    0.0215835    
1    14    7    -9866.02    -27.4193    0.0191708    
1    18    8    -9867.84    -28.3274    0.0208553    
1    19    9    -9869.6    -29.0247    0.0244683    
1    20    10    -9865.72    -27.006    0.00785963    
1    22    11    -9870.55    -29.4312    0.00712751    
