#Task    Step    numberOfAcceptedPeleSteps    currentEnergy    Binding Energy    sasaLig    
1    0    0    -9871.94    -30.485    0.0165385    
1    2    1    -9866.36    -27.775    0.0184038    
1    3    2    -9861.46    -27.542    0.0153503    
1    4    3    -9861.9    -23.0807    0.0187653    
1    6    4    -9866.13    -24.2559    0.0135409    
1    8    5    -9870.76    -25.8127    0.0157208    
1    10    6    -9872.3    -27.8574    0.0146908    
1    16    7    -9874.92    -28.8928    0.0170527    
1    20    8    -9872.55    -27.4328    0.0186942    
1    21    9    -9860.93    -24.1894    0.015868    
1    22    10    -9870.43    -23.9408    0.0189344    
1    24    11    -9874.04    -27.5688    0.012155    
