#Task    Step    numberOfAcceptedPeleSteps    currentEnergy    Binding Energy    sasaLig    
1     0     0     -9882.18     -27.1664     0.0129754
1     1     1     -9878.84     -28.228288151256496     0.0158949
1     2     2     -9884.17     -27.437888151256498     0.0139486
1     3     3     -9883.63     -26.2685881512565     0.0155705
1     4     4     -9881.81     -24.252388151256497     0.0159429
1     5     5     -9878.62     -24.986684594068297     0.0168672
1     6     6     -9881.44     -25.0875845940683     0.0163277
1     7     7     -9876.7     -22.3138845940683     0.0138438
1     8     8     -9876.79     -21.610221966843902     0.0187562
1     9     9     -9876.16     -20.803821966843902     0.0151303
1     10     10     -9876.43     -19.930988151256496     0.0190034
1     12     11     -9882.05     -24.5062881512565     0.0152462
1     17     12     -9879.9     -27.398288151256498     0.0191388
1     22     13     -9881.41     -31.3946881512565     0.0122423
