#Task    Step    numberOfAcceptedPeleSteps    currentEnergy    Binding Energy    sasaLig    
1     0     0     -9866.32     -25.4896     0.00816629
1     1     1     -9868.36     -32.5546881512565     0.0115778
1     3     2     -9866.78     -29.3392     0.013816
1     6     3     -9870.62     -27.346488151256498     0.00555308
1     10     4     -9872.53     -26.814788151256497     0.00868626
1     11     5     -9872.63     -29.3626881512565     0.00718633
1     16     6     -9874.01     -29.190188151256496     0.00587973
1     18     7     -9872.92     -27.988288151256498     0.00522642
1     20     8     -9871.08     -25.221388151256498     0.00754003
1     22     9     -9871.76     -26.055688151256497     0.00680919
