#Task    Step    numberOfAcceptedPeleSteps    currentEnergy    Binding Energy    sasaLig    
1     0     0     -9863.21     -19.9265     0.0288233
1     2     1     -9865.34     -22.0916     0.0249025
1     8     2     -9865.33     -22.2819     0.0183871
1     9     3     -9864.2     -22.5136     0.0248416
1     10     4     -9866.13     -20.6993     0.0229328
1     12     5     -9871.55     -24.6553881512565     0.0191706
1     21     6     -9858.66     -25.3062     0.0190492
1     22     7     -9860.7     -21.0785     0.0207054
1     24     8     -9864.49     -21.2689     0.0219323
