#Task    Step    numberOfAcceptedPeleSteps    currentEnergy    Binding Energy    sasaLig    
1     0     0     -9854.95     -22.7977     0.0242096
1     1     1     -9864.61     -25.3474     0.0354332
1     2     2     -9871.56     -25.299288151256498     0.0351229
1     4     3     -9866.41     -22.8013     0.0373858
1     10     4     -9870.88     -25.1496881512565     0.0350481
1     12     5     -9866.62     -19.2915     0.0273577
1     13     6     -9873.35     -26.1023881512565     0.0321719
1     14     7     -9871.31     -23.6385881512565     0.0276401
1     18     8     -9871.85     -24.516088151256497     0.0305016
1     20     9     -9872.28     -24.5228881512565     0.0343962
1     22     10     -9867.21     -22.0501881512565     0.0367467
1     23     11     -9869.89     -26.058688151256497     0.0336705
1     24     12     -9869.06     -23.762588151256498     0.026595
