#Task    Step    numberOfAcceptedPeleSteps    currentEnergy    Binding Energy    sasaLig    
1     0     0     -9865.47     -25.4813     0.0205172
1     1     1     -9865     -32.8629     0.0072616
1     2     2     -9871.57     -30.7909881512565     0.0129007
1     6     3     -9875.63     -30.0365881512565     0.0193511
1     10     4     -9876.65     -32.4566881512565     0.00907823
1     14     5     -9875.63     -31.898388151256498     0.0119332
1     16     6     -9875.21     -29.048288151256497     0.0187061
1     22     7     -9873.82     -28.1081881512565     0.00827687
1     23     8     -9872.93     -30.8229881512565     0.01523
