#Task    Step    numberOfAcceptedPeleSteps    currentEnergy    Binding Energy    sasaLig    
1     0     0     -9878.79     -31.7449     0.0152094
1     7     1     -9866     -27.0437     0.0157016
1     8     2     -9871.57     -24.257984594068297     0.017235
1     10     3     -9875.48     -24.8576845940683     0.0105939
1     12     4     -9877.6     -26.9327845940683     0.0177696
1     15     5     -9873.25     -28.836984594068298     0.00853836
1     17     6     -9873.86     -27.318784594068298     0.00751231
1     18     7     -9878.25     -28.5727845940683     0.00783084
1     20     8     -9877.56     -28.701584594068297     0.00633245
1     24     9     -9878.98     -29.1012845940683     0.00919102
