#Task    Step    numberOfAcceptedPeleSteps    currentEnergy    Binding Energy    sasaLig    
1    0    0    -9859.9    -16.6011    0.0475788    
1    2    1    -9858.3    -14.6726    0.0475624    
1    4    2    -9858.53    -14.4516    0.0439791    
1    6    3    -9863.61    -18.8737    0.0374478    
1    10    4    -9863.35    -16.717    0.0383268    
1    12    5    -9865.48    -16.9279    0.0665981    
1    18    6    -9865.99    -17.9801    0.0331133    
1    20    7    -9865.11    -17.452    0.0280485    
1    22    8    -9864.9    -16.3698    0.0335474    
1    25    9    -9851.12    -26.0524    0.0148939    
