#Task    Step    numberOfAcceptedPeleSteps    currentEnergy    Binding Energy    sasaLig    
1    0    0    -8419.56    -22.8278    0.0464101    
1    1    1    -9787.4    -23.3798    0.0315951    
1    2    2    -9801.8    -16.7423    0.0305459    
1    3    3    -9807.73    -22.6204    0.034985    
1    4    4    -9821.62    -18.8405    0.0349672    
1    5    5    -9841.44    -24.4914    0.0281058    
1    6    6    -9848.54    -21.18    0.0194819    
1    7    7    -9848.7    -22.5306    0.0133591    
1    8    8    -9854.03    -19.4639    0.0103932    
1    10    9    -9856.07    -20.3405    0.0104563    
1    14    10    -9853.48    -18.0239    0.0350372    
1    19    11    -9852.88    -15.2506    0.0419332    
1    20    12    -9853.32    -14.6626    0.0380007    
1    22    13    -9860.48    -17.7752    0.0450985    
