#Task    Step    numberOfAcceptedPeleSteps    currentEnergy    Binding Energy    sasaLig    
1     0     0     -8419.56     -22.8278     0.0464101
1     1     1     -9783.8     -24.7611     0.0360197
1     2     2     -9829.41     -21.6013     0.0262182
1     3     3     -9831.78     -23.5069     0.0313567
1     4     4     -9847.22     -21.5675     0.0266253
1     5     5     -9851.65     -25.6079     0.0247377
1     8     6     -9856.27     -21.3021     0.0155394
1     9     7     -9856.18     -25.0375     0.0205064
1     10     8     -9858.58     -26.0427     0.0136373
1     11     9     -9859.36     -25.355     0.0201021
1     12     10     -9856.49     -18.3279     0.0186869
1     13     11     -9869.42     -26.618188151256497     0.0240307
1     18     12     -9869.38     -26.026788151256497     0.0247768
1     20     13     -9862.41     -18.5821     0.0347379
1     25     14     -9860.96     -27.2883     0.00648657
