#Task    Step    numberOfAcceptedPeleSteps    currentEnergy    Binding Energy    sasaLig    
1    0    0    -8419.56    -22.8278    0.0464101    
1    1    1    -9790.07    -24.946    0.0393273    
1    2    2    -9806.71    -18.2503    0.0404331    
1    3    3    -9847.96    -20.0017    0.039474    
1    4    4    -9845.9    -16.4202    0.0538444    
1    5    5    -9852.03    -19.1226    0.0642727    
1    6    6    -9862.39    -21.0013    0.0552308    
1    8    7    -9859.44    -19.2    0.0328601    
1    10    8    -9862.36    -21.2227    0.0316787    
1    12    9    -9863.61    -19.6678    0.0530298    
1    14    10    -9865.99    -21.8876    0.0388356    
