#Task    Step    numberOfAcceptedPeleSteps    currentEnergy    Binding Energy    sasaLig    
1    0    0    -8419.56    -22.8278    0.0464101    
1    1    1    -9779.09    -24.3083    0.0390026    
1    2    2    -9790.71    -17.6058    0.0333229    
1    3    3    -9791.18    -23.9356    0.0300601    
1    4    4    -9841.94    -23.5283    0.028958    
1    11    5    -9844.18    -24.0532    0.0325736    
1    12    6    -9850.87    -23.9635    0.0374032    
1    20    7    -9851.55    -25.1012    0.0293792    
1    23    8    -9846.69    -25.4686    0.0283099    
1    24    9    -9851.54    -23.9049    0.0266684    
1    25    10    -9851.38    -29.6289    0.0157974    
