#Task    Step    numberOfAcceptedPeleSteps    currentEnergy    Binding Energy    sasaLig    
1    0    0    -8419.56    -22.8278    0.0464101    
1    1    1    -9844.57    -25.9353    0.0247689    
1    2    2    -9845.52    -20.1823    0.0291926    
1    5    3    -9843.71    -23.572    0.020537    
1    6    4    -9848.87    -19.3813    0.0258354    
1    7    5    -9860.29    -24.2791    0.0241497    
1    10    6    -9857.78    -19.4528    0.0231252    
1    11    7    -9856.3    -20.3492    0.0219047    
1    12    8    -9867.72    -23.3174    0.0210143    
1    18    9    -9865.45    -21.1552    0.0276812    
1    20    10    -9867.74    -22.0406    0.0182136    
1    22    11    -9864.57    -19.9912    0.0247447    
1    24    12    -9866.76    -21.6363    0.0291093    
