#Task    Step    numberOfAcceptedPeleSteps    currentEnergy    Binding Energy    sasaLig    
1    0    0    -8419.56    -22.8278    0.0464101    
1    1    1    -9778.75    -23.7691    0.0406866    
1    2    2    -9811.47    -19.7355    0.0328872    
1    3    3    -9809.31    -15.6042    0.0340862    
1    4    4    -9834.82    -23.1306    0.0308464    
1    6    5    -9834.24    -22.1682    0.0292825    
1    7    6    -9839.52    -23.2434    0.0285735    
1    10    7    -9844.86    -22.693    0.0272863    
1    12    8    -9841.04    -19.2242    0.027053    
1    13    9    -9838.87    -24.713    0.0210122    
1    14    10    -9840.48    -17.5892    0.0261224    
1    16    11    -9853.55    -22.9393    0.0199347    
1    18    12    -9853.67    -21.3674    0.0173728    
1    20    13    -9852.89    -22.4342    0.0100657    
1    21    14    -9853.84    -23.2958    0.022131    
1    22    15    -9859.52    -25.1423    0.0239199    
