#Task    Step    numberOfAcceptedPeleSteps    currentEnergy    Binding Energy    sasaLig    
1    0    0    -8419.56    -22.8278    0.0464101    
1    1    1    -9811.26    -24.5489    0.0369938    
1    2    2    -9828.31    -20.0724    0.0309534    
1    3    3    -9829.82    -16.4099    0.0616442    
1    4    4    -9836.74    -11.9604    0.0694628    
1    6    5    -9844.48    -15.9795    0.0647981    
1    8    6    -9845.23    -12.4585    0.071394    
1    10    7    -9856.7    -16.2576    0.0492009    
1    20    8    -9858.55    -17.255    0.0398384    
1    22    9    -9857.97    -16.6205    0.0476571    
