#Task    Step    numberOfAcceptedPeleSteps    currentEnergy    Binding Energy    sasaLig    
1    0    0    -8419.56    -22.8278    0.0464101    
1    1    1    -9791.53    -24.9721    0.0344955    
1    2    2    -9804.82    -15.9702    0.0299038    
1    3    3    -9805.34    -22.8376    0.0300103    
1    4    4    -9818.72    -19.5387    0.0264927    
1    5    5    -9829.79    -21.144    0.0264748    
1    6    6    -9834.88    -19.8682    0.0292019    
1    9    7    -9834.61    -22.5032    0.0141948    
1    10    8    -9837.15    -18.9839    0.0330743    
1    12    9    -9850.95    -24.6141    0.00834991    
1    14    10    -9851.45    -23.3561    0.0124801    
1    16    11    -9851.76    -22.5021    0.00937862    
1    17    12    -9850.63    -24.7785    0.0111796    
1    18    13    -9856.73    -25.7982    0.00637914    
1    20    14    -9856.94    -25.2442    0.00672991    
1    22    15    -9858.28    -26.4107    0.0036232    
1    24    16    -9857.94    -26.7942    0.010173    
