#Task    Step    numberOfAcceptedPeleSteps    currentEnergy    Binding Energy    sasaLig    
1     0     0     -9870.32     -21.9184     0.0388536
1     4     1     -9866.5     -19.0475     0.0469342
1     6     2     -9866.79     -18.428     0.0477215
1     8     3     -9865.61     -17.7369     0.0356203
1     10     4     -9866.13     -16.9844     0.0426691
1     12     5     -9867.84     -18.6284337979579     0.039399
1     14     6     -9867.31     -18.1421337979579     0.0428767
1     16     7     -9861.48     -12.7914     0.0779322
1     18     8     -9864.03     -15.3795     0.081968
1     22     9     -9860.44     -12.405     0.0513896
1     24     10     -9861.98     -16.749     0.0445169
