#Task    Step    numberOfAcceptedPeleSteps    currentEnergy    Binding Energy    sasaLig    
1    0    0    -8419.56    -22.8278    0.0464101    
1    1    1    -9768.81    -23.8204    0.0367902    
1    2    2    -9790.51    -16.392    0.0326987    
1    3    3    -9787.49    -20.8071    0.018132    
1    4    4    -9809.27    -16.2816    0.0204866    
1    6    5    -9825.49    -17.6187    0.0169947    
1    7    6    -9838.81    -23.5055    0.0258329    
1    8    7    -9843.44    -18.5678    0.0163791    
1    9    8    -9843.3    -24.9398    0.0123991    
1    16    9    -9850.97    -20.9399    0.0107115    
1    18    10    -9850.6    -18.4871    0.0260457    
1    20    11    -9849.17    -18.2164    0.0292091    
1    22    12    -9849.78    -17.339    0.0237838    
1    23    13    -9859.11    -23.2299    0.0208884    
1    24    14    -9860.3    -19.9435    0.0287704    
