#Task    Step    numberOfAcceptedPeleSteps    currentEnergy    Binding Energy    sasaLig    
1    0    0    -8419.56    -22.8278    0.0464101    
1    1    1    -9798.54    -19.9501    0.0423793    
1    2    2    -9816.06    -18.0915    0.0523082    
1    4    3    -9823.33    -15.3299    0.0430129    
1    7    4    -9840.17    -23.7416    0.0241488    
1    10    5    -9853.62    -24.2929    0.0237276    
1    11    6    -9863.68    -26.4582    0.0170803    
1    15    7    -9864.8    -25.9212    0.0194434    
1    16    8    -9864.81    -23.4418    0.0231036    
1    18    9    -9867.85    -25.2614    0.0208415    
1    21    10    -9865.43    -32.5706    0.00897063    
1    22    11    -9870.57    -29.7523    0.0129879    
1    24    12    -9875.5    -31.7506    0.0152608    
