#Task    Step    numberOfAcceptedPeleSteps    currentEnergy    Binding Energy    sasaLig    
1    0    0    -8419.56    -22.8278    0.0464101    
1    1    1    -9789.6    -24.0208    0.0383532    
1    3    2    -9802.07    -11.9932    0.0302931    
1    4    3    -9830.01    -24.4914    0.0334221    
1    6    4    -9833.84    -19.7148    0.0306042    
1    8    5    -9838.01    -20.6193    0.0332404    
1    9    6    -9845.07    -19.833    0.0233531    
1    10    7    -9850.9    -19.5473    0.0454239    
1    14    8    -9854.82    -21.3885    0.0214065    
1    21    9    -9852.57    -21.2465    0.0299627    
1    24    10    -9849.98    -16.7872    0.0275607    
1    25    11    -9847.56    -16.624    0.0638822    
