#Task    Step    numberOfAcceptedPeleSteps    currentEnergy    Binding Energy    sasaLig    
1    0    0    -8419.56    -22.8278    0.0464101    
1    1    1    -9777.09    -24.5379    0.0334221    
1    2    2    -9799.43    -21.7914    0.0309562    
1    3    3    -9798.1    -19.039    0.0505968    
1    4    4    -9815.74    -18.2186    0.0237888    
1    5    5    -9844.8    -25.2291    0.0205166    
1    6    6    -9847.94    -25.8873    0.0116891    
1    7    7    -9849.75    -24.501    0.0108968    
1    8    8    -9852.76    -19.7529    0.0119095    
1    10    9    -9858.83    -23.209    0.0157753    
1    12    10    -9860.66    -24.2023    0.0141528    
1    18    11    -9863.31    -25.8086    0.0099271    
1    19    12    -9861.77    -23.7534    0.0113296    
1    20    13    -9860.91    -21.6597    0.0130037    
1    21    14    -9859.55    -24.2429    0.0179811    
1    24    15    -9861.4    -25.0828    0.0121074    
