#Task    Step    numberOfAcceptedPeleSteps    currentEnergy    Binding Energy    sasaLig    
1    0    0    -8419.56    -22.8278    0.0464101    
1    1    1    -9815.25    -25.3004    0.0336862    
1    2    2    -9822.37    -20.5977    0.0284735    
1    4    3    -9836.21    -22.4982    0.0282488    
1    5    4    -9831.71    -24.596    0.02427    
1    7    5    -9833.48    -24.6684    0.0255121    
1    8    6    -9854.79    -26.3846    0.0231142    
1    12    7    -9855.07    -25.4634    0.0235318    
1    14    8    -9853.93    -24.5966    0.0158738    
1    15    9    -9858.14    -25.8391    0.0167253    
1    16    10    -9866.4    -28.8393    0.0122773    
1    17    11    -9865.82    -30.5943    0.016667    
1    18    12    -9871.79    -26.5201    0.0202891    
1    21    13    -9868.86    -31.0737    0.0194541    
1    24    14    -9872.7    -28.7193    0.0204928    
