#Task    Step    numberOfAcceptedPeleSteps    currentEnergy    Binding Energy    sasaLig    
1    0    0    -8419.56    -22.8278    0.0464101    
1    1    1    -9789.3    -24.8893    0.0344568    
1    2    2    -9816.61    -23.0366    0.0369049    
1    3    3    -9851.34    -25.1285    0.0166808    
1    5    4    -9851.78    -25.6059    0.0182437    
1    9    5    -9852.42    -25.5494    0.0166202    
1    10    6    -9861.63    -25.5503    0.0161525    
1    14    7    -9864.53    -25.2808    0.0143473    
1    15    8    -9862.3    -23.3474    0.00989062    
1    16    9    -9864.58    -20.2123    0.0188367    
1    18    10    -9865.12    -21.6089    0.0234183    
1    22    11    -9863.58    -20.6026    0.0245135    
1    24    12    -9865.7    -22.9401    0.0157682    
1    25    13    -9865.39    -23.9675    0.0188445    
