#Task    Step    numberOfAcceptedPeleSteps    currentEnergy    Binding Energy    sasaLig    
1    0    0    -8419.56    -22.8278    0.0464101    
1    1    1    -9779.5    -24.83    0.0244735    
1    2    2    -9793.75    -23.6212    0.0283984    
1    3    3    -9839.22    -25.1381    0.0285698    
1    4    4    -9843.46    -22.5674    0.0234994    
1    5    5    -9844.53    -25.0286    0.0199278    
1    6    6    -9848.74    -20.64    0.018629    
1    7    7    -9847.03    -23.9328    0.0137585    
1    8    8    -9849.62    -21.8945    0.0151682    
1    10    9    -9860.34    -27.6269    0.0120619    
1    18    10    -9859.22    -24.4819    0.0188325    
1    20    11    -9859.9    -22.479    0.0281676    
1    21    12    -9855.54    -25.3712    0.0234248    
