#Task    Step    numberOfAcceptedPeleSteps    currentEnergy    Binding Energy    sasaLig    
1    0    0    -8419.56    -22.8278    0.0464101    
1    1    1    -9781.23    -28.0675    0.0377862    
1    2    2    -9787.82    -16.0496    0.044093    
1    3    3    -9806.27    -22.1612    0.0453783    
1    4    4    -9815.11    -16.1439    0.0508085    
1    5    5    -9824.74    -26.107    0.0279241    
1    6    6    -9828.7    -17.9842    0.0259902    
1    8    7    -9828    -19.7584    0.0457992    
1    11    8    -9838.14    -26.7133    0.0265414    
1    12    9    -9842.69    -25.2905    0.0270601    
1    14    10    -9844.46    -22.8242    0.0171887    
1    16    11    -9846.11    -26.0715    0.0204928    
1    17    12    -9855.38    -28.6597    0.0192289    
1    18    13    -9860.78    -26.459    0.0174008    
1    22    14    -9861.51    -25.4152    0.0203312    
