#Task    Step    numberOfAcceptedPeleSteps    currentEnergy    Binding Energy    sasaLig    
1    0    0    -8419.56    -22.8278    0.0464101    
1    1    1    -9786.89    -24.1202    0.0378467    
1    2    2    -9803.88    -10.3874    0.0270577    
1    3    3    -9819.55    -21.8882    0.0357168    
1    4    4    -9831.32    -21.7611    0.0377808    
1    5    5    -9835.63    -15.7215    0.0706643    
1    7    6    -9839.28    -15.0788    0.063834    
1    8    7    -9841.34    -11.9309    0.0783104    
1    9    8    -9854.35    -19.6371    0.0630192    
1    10    9    -9859.8    -18.6203    0.0559019    
1    12    10    -9860.62    -16.5384    0.0551798    
1    13    11    -9851.24    -18.4999    0.0496242    
1    14    12    -9856.43    -16.3508    0.0575815    
1    16    13    -9863.35    -20.3849    0.0415204    
1    18    14    -9866.58    -21.4784    0.0442662    
1    25    15    -9855.98    -22.4826    0.0446215    
