#Task    Step    numberOfAcceptedPeleSteps    currentEnergy    Binding Energy    sasaLig    
1    0    0    -8419.56    -22.8278    0.0464101    
1    1    1    -9778.1    -25.5816    0.0257118    
1    2    2    -9834.69    -24.5617    0.00176762    
1    3    3    -9836.78    -24.4773    0.00324699    
1    4    4    -9843.3    -24.0008    0.00636144    
1    6    5    -9852.17    -27.5905    0.00636144    
1    8    6    -9851.14    -28.1473    0.0116891    
1    9    7    -9858.13    -24.4466    0.013962    
1    14    8    -9868.24    -30.0094    0.0127593    
1    20    9    -9865.71    -29.084    0.0103904    
1    22    10    -9862.48    -25.5041    0.00811747    
