#Task    Step    numberOfAcceptedPeleSteps    currentEnergy    Binding Energy    sasaLig    
1    0    0    -8419.56    -22.8278    0.0464101    
1    1    1    -9780.4    -24.7491    0.0386779    
1    2    2    -9809.35    -19.6131    0.0175337    
1    3    3    -9806.8    -14.6886    0.0413524    
1    4    4    -9830.24    -19.4423    0.0315487    
1    5    5    -9840.84    -26.3347    0.0233633    
1    6    6    -9845.66    -21.3361    0.0365135    
1    8    7    -9848.97    -19.5917    0.0422658    
1    10    8    -9851.98    -21.0717    0.0353887    
1    16    9    -9851.13    -21.311    0.0376507    
1    18    10    -9853.73    -19.2692    0.0311226    
1    20    11    -9856.06    -19.2207    0.0418178    
1    22    12    -9860.68    -22.4719    0.0406721    
