#Task    Step    numberOfAcceptedPeleSteps    currentEnergy    Binding Energy    sasaLig    
1    0    0    -8419.56    -22.8278    0.0464101    
1    1    1    -9818.82    -25.1587    0.032448    
1    5    2    -9828.61    -22.2113    0.0280273    
1    6    3    -9832.51    -18.5796    0.0268713    
1    12    4    -9835.26    -18.7064    0.0231973    
1    13    5    -9835.45    -23.8843    0.0179637    
1    14    6    -9836.65    -17.6536    0.0189829    
1    16    7    -9847.29    -21.6351    0.0265987    
1    18    8    -9855.77    -23.159    0.0298695    
