#Task    Step    numberOfAcceptedPeleSteps    currentEnergy    Binding Energy    sasaLig    
1    0    0    -8419.56    -22.8278    0.0464101    
1    1    1    -9781.74    -23.2806    0.0373791    
1    2    2    -9794.12    -10.6912    0.0417729    
1    3    3    -9818.07    -24.2046    0.0339504    
1    5    4    -9825.9    -22.1532    0.0195425    
1    6    5    -9834.25    -18.5045    0.0272747    
1    8    6    -9833.56    -19.6693    0.044098    
1    9    7    -9830.53    -23.4782    0.0284332    
1    10    8    -9838.21    -23.9854    0.0283289    
1    12    9    -9840.38    -20.8526    0.0295667    
1    13    10    -9858.35    -29.85    0.0124456    
1    14    11    -9856.34    -26.5087    0.0225849    
1    15    12    -9858.87    -27.8799    0.0170338    
1    18    13    -9857.7    -24.0639    0.0320006    
1    20    14    -9860.18    -25.2486    0.0278408    
1    22    15    -9864.79    -26.0272    0.0221045    
1    24    16    -9868.24    -30.474    0.0165116    
