#Task    Step    numberOfAcceptedPeleSteps    currentEnergy    Binding Energy    sasaLig    
1    0    0    -8419.56    -22.8278    0.0464101    
1    1    1    -9787.59    -24.7589    0.0383532    
1    2    2    -9802.18    -17.8275    0.039173    
1    3    3    -9833.79    -19.0196    0.0250733    
1    4    4    -9834.32    -16.1657    0.0312916    
1    5    5    -9836.93    -20.7793    0.0352767    
1    6    6    -9840.51    -16.9836    0.0309995    
1    7    7    -9840.67    -18.8159    0.0214864    
1    8    8    -9845.39    -18.0362    0.0239712    
1    9    9    -9842.12    -21.3963    0.0261106    
1    10    10    -9849.34    -20.7675    0.0161481    
1    12    11    -9852.88    -20.3568    0.0196506    
1    16    12    -9854.51    -19.2167    0.0376977    
1    18    13    -9854.19    -19.2208    0.0442189    
1    22    14    -9855.01    -20.5382    0.0304596    
1    24    15    -9857.35    -19.2337    0.0345186    
