#Task    Step    numberOfAcceptedPeleSteps    currentEnergy    Binding Energy    sasaLig    
1    0    0    -8419.56    -22.8278    0.0464101    
1    1    1    -9807.01    -28.8013    0.0366085    
1    2    2    -9822.56    -27.3049    0.0295257    
1    4    3    -9826.68    -21.598    0.0305217    
1    6    4    -9831.1    -16.4928    0.0588945    
1    7    5    -9832.11    -21.3737    0.0529433    
1    8    6    -9832.89    -14.5092    0.0641424    
1    9    7    -9845.96    -25.122    0.0201794    
1    10    8    -9849.82    -21.6524    0.0224042    
1    12    9    -9860.52    -28.2192    0.0181947    
1    13    10    -9865.85    -30.4157    0.0194819    
1    16    11    -9873.74    -31.3716    0.0139256    
1    19    12    -9866.42    -30.1547    0.0142867    
1    24    13    -9861.65    -22.1231    0.0174236    
1    25    14    -9859.56    -29.0978    0.0108576    
