#Task    Step    numberOfAcceptedPeleSteps    currentEnergy    Binding Energy    sasaLig    
1    0    0    -8419.56    -22.8278    0.0464101    
1    1    1    -9797.83    -25.3366    0.0311492    
1    2    2    -9820.53    -12.4812    0.0250902    
1    6    3    -9835.37    -14.1582    0.0322174    
1    7    4    -9837.77    -17.8712    0.0101905    
1    8    5    -9850.3    -19.6982    0.0155242    
1    10    6    -9857.25    -20.0262    0.0183044    
1    14    7    -9862.6    -24.6425    0.0158548    
1    16    8    -9863.53    -22.7973    0.0147112    
1    18    9    -9865.14    -23.1691    0.0155576    
1    20    10    -9865.91    -23.928    0.0138131    
1    22    11    -9862.07    -21.7336    0.0112168    
1    23    12    -9865.14    -28.2513    0.0116891    
1    24    13    -9869.87    -27.9333    0.0181218    
1    25    14    -9871.18    -29.3749    0.0155855    
