#Task    Step    numberOfAcceptedPeleSteps    currentEnergy    Binding Energy    sasaLig    
1    0    0    -8419.56    -22.8278    0.0464101    
1    1    1    -9774.81    -23.5278    0.0377038    
1    2    2    -9807.97    -17.7097    0.0579248    
1    4    3    -9818.25    -18.2298    0.0501976    
1    5    4    -9821.62    -17.4648    0.0591054    
1    6    5    -9839.04    -17.5173    0.0624311    
1    7    6    -9843.03    -21.9823    0.0323624    
1    10    7    -9840.05    -15.0483    0.0320948    
1    12    8    -9839.45    -20.5452    0.0296739    
1    13    9    -9832.89    -20.3669    0.0260522    
1    14    10    -9839.6    -17.4753    0.0232007    
1    15    11    -9841.42    -21.6652    0.0183698    
1    16    12    -9846.02    -19.5977    0.0205919    
1    17    13    -9849.44    -21.1512    0.0163748    
1    18    14    -9855.35    -22.113    0.0206205    
1    24    15    -9855.42    -22.0173    0.0208122    
1    25    16    -9855.26    -22.2523    0.0210341    
