#Task    Step    numberOfAcceptedPeleSteps    currentEnergy    Binding Energy    sasaLig    
1    0    0    -8419.56    -22.8278    0.0464101    
1    1    1    -9785.03    -25.0823    0.0347815    
1    2    2    -9814.67    -23.1441    0.0260213    
1    3    3    -9835.2    -24.9904    0.0327946    
1    4    4    -9838.27    -19.5359    0.0365723    
1    6    5    -9848.06    -22.3715    0.0283699    
1    10    6    -9850.22    -23.0064    0.0244595    
1    14    7    -9850.92    -22.9696    0.0215728    
1    20    8    -9851.65    -21.1998    0.0236895    
1    21    9    -9849.15    -26.388    0.0162349    
1    22    10    -9864.08    -27.1954    0.0248588    
