#Task    Step    numberOfAcceptedPeleSteps    currentEnergy    Binding Energy    sasaLig    
1    0    0    -8419.56    -22.8278    0.0464101    
1    1    1    -9789.8    -24.7646    0.0367297    
1    2    2    -9808.82    -19.6882    0.0381641    
1    4    3    -9829.29    -23.3934    0.033158    
1    6    4    -9833.91    -20.9896    0.0340535    
1    7    5    -9835.67    -21.5965    0.0143473    
1    8    6    -9850.1    -24.3243    0.0126632    
1    9    7    -9860.37    -29.0116    0.0116891    
1    12    8    -9861.25    -25.5078    0.00941626    
1    16    9    -9866.33    -26.2911    0.00649397    
1    20    10    -9858.25    -19.688    0.0295046    
1    24    11    -9864.3    -24.4684    0.0188962    
