#Task    Step    numberOfAcceptedPeleSteps    currentEnergy    Binding Energy    sasaLig    
1    0    0    -8419.56    -22.8278    0.0464101    
1    1    1    -9800.11    -31.9426    0.020191    
1    2    2    -9819.86    -24.727    0.0230536    
1    3    3    -9828.69    -22.7755    0.0289587    
1    5    4    -9834.91    -23.0513    0.0321452    
1    6    5    -9844.22    -21.543    0.0290736    
1    7    6    -9841.91    -21.7969    0.0286877    
1    8    7    -9848.01    -24.1933    0.0270916    
1    10    8    -9856.75    -23.2845    0.0261254    
1    14    9    -9857.98    -21.9543    0.0278455    
1    16    10    -9855.66    -19.0265    0.0212512    
1    20    11    -9862.25    -22.7963    0.0247158    
