#Task    Step    numberOfAcceptedPeleSteps    currentEnergy    Binding Energy    sasaLig    
1    0    0    -8419.56    -22.8278    0.0464101    
1    1    1    -9783.22    -27.8361    0.0373185    
1    2    2    -9791.58    -17.1768    0.0409072    
1    4    3    -9821.42    -23.6652    0.0380175    
1    5    4    -9833.11    -28.5497    0.0301751    
1    7    5    -9840.18    -25.5061    0.0326684    
1    8    6    -9848.5    -20.8121    0.0315206    
1    9    7    -9859.37    -28.9474    0.0290799    
1    10    8    -9865.35    -26.2109    0.0328608    
1    14    9    -9872.96    -27.62    0.0267588    
1    16    10    -9872.82    -26.0868    0.0316588    
1    18    11    -9873.07    -26.2006    0.0324811    
1    23    12    -9872.51    -26.9087    0.0278687    
1    24    13    -9874.89    -27.9594    0.0285378    
