#Task    Step    numberOfAcceptedPeleSteps    currentEnergy    Binding Energy    sasaLig    
1    0    0    -8419.56    -22.8278    0.0464101    
1    1    1    -9843.05    -25.2493    0.0303787    
1    2    2    -9846.86    -20.1497    0.0320164    
1    5    3    -9853.36    -24.7181    0.0256512    
1    6    4    -9858.46    -22.3072    0.0260181    
1    8    5    -9849.54    -15.5171    0.039488    
1    11    6    -9855.32    -23.6954    0.0310322    
1    12    7    -9857.65    -24.1471    0.0256807    
1    13    8    -9860.93    -25.564    0.0220156    
1    14    9    -9860.28    -25.6112    0.0192053    
1    16    10    -9864.06    -23.0964    0.0263008    
1    17    11    -9859.9    -25.2882    0.0211054    
1    18    12    -9866.8    -23.6793    0.0152608    
1    19    13    -9870.76    -26.9849    0.0165596    
1    23    14    -9869.6    -26.6315    0.0129879    
1    24    15    -9877.24    -27.1577    0.0133126    
