#Task    Step    numberOfAcceptedPeleSteps    currentEnergy    Binding Energy    sasaLig    
1    0    0    -8419.56    -22.8278    0.0464101    
1    1    1    -9793.53    -24.637    0.0327727    
1    2    2    -9813.73    -15.7129    0.0350565    
1    4    3    -9822.01    -16.8431    0.0264414    
1    6    4    -9823.04    -15.9148    0.0207807    
1    7    5    -9820.82    -16.9987    0.0355332    
1    8    6    -9829.79    -18.3498    0.0540314    
1    10    7    -9835.05    -16.8004    0.0509178    
1    11    8    -9834.6    -11.7394    0.060565    
1    12    9    -9844.43    -17.3358    0.0595264    
1    14    10    -9844.09    -21.3114    0.0509115    
1    16    11    -9848.99    -16.5483    0.0648958    
1    18    12    -9857.54    -18.8294    0.0826962    
1    20    13    -9859.22    -16.6433    0.0870153    
1    23    14    -9855.9    -18.0575    0.0751804    
