#Task    Step    numberOfAcceptedPeleSteps    currentEnergy    Binding Energy    sasaLig    
1    0    0    -8419.56    -22.8278    0.0464101    
1    1    1    -9819.95    -25.8395    0.0336862    
1    2    2    -9834.63    -25.6747    0.0297293    
1    4    3    -9841.94    -24.678    0.0297899    
1    7    4    -9843.96    -24.8209    0.0205772    
1    8    5    -9851.04    -23.9203    0.0227999    
1    9    6    -9856.56    -27.0561    0.0227895    
1    14    7    -9852.95    -19.7355    0.0184951    
1    16    8    -9858.16    -23.2959    0.0216921    
1    22    9    -9852.53    -16.4282    0.0148506    
1    23    10    -9851.4    -23.63    0.0202273    
1    24    11    -9850.96    -18.3073    0.0211138    
1    25    12    -9851.22    -22.8003    0.0242075    
