#Task    Step    numberOfAcceptedPeleSteps    currentEnergy    Binding Energy    sasaLig    
1     7     3     -9869.69     -30.1761845940683     0.0150905
1     8     4     -9875.29     -27.5013845940683     0.0251987
1     10     5     -9867.9     -19.577684594068298     0.0222349
1     11     6     -9869.88     -28.9830881512565     0.0126181
1     12     7     -9874.36     -28.163688151256498     0.020383
1     16     8     -9867.94     -23.284688151256496     0.00579896
1     18     9     -9875.81     -29.780088151256496     0.00705681
1     22     10     -9873.67     -27.741069870404598     0.0155087
1     23     11     -9885.01     -32.3221881512565     0.00519975
1     24     12     -9887.69     -31.880788151256496     0.0056717
