#Task    Step    numberOfAcceptedPeleSteps    currentEnergy    Binding Energy    sasaLig    
1     0     0     -9878.49     -27.9774     0.0286415
1     3     1     -9876.07     -28.4554698704046     0.027672
1     4     2     -9876.98     -26.1427698704046     0.0266565
1     6     3     -9877.5     -28.567169870404598     0.025645
1     10     4     -9876.39     -26.6382698704046     0.0238534
1     11     5     -9875.48     -26.6971698704046     0.0245309
1     12     6     -9877.78     -27.3775698704046     0.0227937
1     13     7     -9870.01     -26.9231698704046     0.0174297
1     14     8     -9877.11     -29.5741698704046     0.0240806
1     16     9     -9876.69     -27.7323698704046     0.0224226
1     20     10     -9878.7     -29.7467698704046     0.0220857
1     22     11     -9879.57     -29.4244698704046     0.0236752
