#Task    Step    numberOfAcceptedPeleSteps    currentEnergy    Binding Energy    sasaLig    
1     0     0     -9865.41     -27.2725     0.00647393
1     2     1     -9865.59     -21.3635     0.00115743
1     3     2     -9864.55     -24.6897     0.00291677
1     6     3     -9865.68     -22.0565     0.00125005
1     8     4     -9872.18     -26.505088151256498     0.00337967
1     9     5     -9866.23     -29.2587     0.0104088
1     10     6     -9869.51     -28.080288151256497     0.0194506
1     16     7     -9871.02     -26.912088151256498     0.016542
1     22     8     -9870.68     -26.2147881512565     0.0155234
