#Task    Step    numberOfAcceptedPeleSteps    currentEnergy    Binding Energy    sasaLig    
1    0    0    -8419.56    -22.8278    0.0464101    
1    1    1    -9775.66    -23.8619    0.0374396    
1    2    2    -9775.73    -2.31551    0.036451    
1    3    3    -9813.22    -22.0745    0.0392877    
1    4    4    -9830.37    -22.1719    0.0238176    
1    5    5    -9832.1    -19.3251    0.0201794    
1    6    6    -9837.76    -21.8129    0.0178066    
1    7    7    -9848.16    -24.3971    0.0293009    
1    8    8    -9853.86    -26.7594    0.0179711    
1    9    9    -9860.06    -28.8465    0.0210229    
1    12    10    -9857.2    -21.508    0.015505    
1    13    11    -9862.24    -29.2614    0.0204586    
1    14    12    -9869.92    -27.7841    0.0249954    
1    16    13    -9873.77    -29.1294    0.0217225    
1    20    14    -9873.42    -27.3885    0.0159904    
1    22    15    -9876.45    -28.635    0.0205156    
