#Task    Step    numberOfAcceptedPeleSteps    currentEnergy    Binding Energy    sasaLig    
1    0    0    -8419.56    -22.8278    0.0464101    
1    1    1    -9768.49    -24.8687    0.0362014    
1    2    2    -9785.81    -18.7149    0.0353207    
1    3    3    -9789.91    -23.4103    0.0216118    
1    4    4    -9816.3    -22.1533    0.0214225    
1    6    5    -9833.45    -23.3901    0.0178584    
1    8    6    -9837.99    -21.6433    0.0178729    
1    10    7    -9838.38    -19.9835    0.013962    
1    12    8    -9845.88    -24.5992    0.0160314    
1    13    9    -9843.74    -23.4955    0.0149749    
1    15    10    -9843.67    -20.9153    0.0225772    
1    16    11    -9847.94    -19.5848    0.029508    
1    18    12    -9845.93    -17.7604    0.0472622    
1    20    13    -9838.67    -10.1152    0.0517444    
1    22    14    -9847.36    -15.9673    0.0549309    
