#Task    Step    numberOfAcceptedPeleSteps    currentEnergy    Binding Energy    sasaLig    
1    0    0    -8419.56    -22.8278    0.0464101    
1    1    1    -9777.89    -19.9829    0.0380674    
1    2    2    -9811.43    -22.6234    0.0371939    
1    3    3    -9820.13    -21.9628    0.0267555    
1    4    4    -9832.66    -17.6727    0.0303598    
1    5    5    -9835.86    -23.2655    0.0235387    
1    6    6    -9836.19    -16.1058    0.0291592    
1    7    7    -9848.96    -22.6143    0.0158648    
1    8    8    -9855.06    -20.1792    0.0479124    
1    10    9    -9862.76    -22.5347    0.0450724    
1    14    10    -9863.61    -22.9613    0.0274434    
1    24    11    -9863.57    -21.8189    0.0207861    
