* LIGAND DATABASE FILE (OPLS2005)
*
LIG      39    41    73     119       0
    1     0 M  NTH   _N1_     6   69.385613   22.346705  -54.323100
    2     1 M   CT   _C3_     6    1.452690  112.533028  112.440596
    3     2 M   CT   _C5_     6    1.533756  105.495023  -85.007576
    4     2 M   HC   _H6_     6    1.092966  106.454744  160.396419
    5     1 M   CT   _C6_     6    1.465271  101.784259   -3.455574
    6     1 M    H   _H7_     6    1.012188    6.626613  150.436330
    7     3 M   CT   _C4_     6    1.537523  101.439343  -37.891556
    8     7 M   HC   _H8_     6    1.083912  109.898384  156.674238
    9     3 M   HC   _H10     6    1.091534  109.556620   76.308076
   10     5 M   HC   _H12     6    1.090852  108.710988 -126.614538
   11     2 S   CT   _C2_     6    1.540672  112.222224   43.307620
   12    11 S    S   _S1_     6    1.821647  117.001019  -55.042368
   13    11 S   HC   _H4_     6    1.091226  107.425230   65.671737
   14    11 S   HC   _H5_     6    1.089553  110.100540 -179.360287
   15    12 S   CT   _C1_     6    1.814269   99.160037  156.696729
   16    15 S   HC   _H1_     6    1.088603  110.571519 -178.149374
   17    15 S   HC   _H2_     6    1.090355  110.562649   61.616886
   18    15 S   HC   _H3_     6    1.090065  110.522357  -58.775996
   19     7 S   OH   _O1_     6    1.420927  110.836618  -85.284159
   20    19 S   HO   _H9_     6    0.963682  106.079012   -3.932980
   21     3 S   OH   _O2_     6    1.420955  113.363182 -160.879556
   22    21 S   HO   _H11     6    0.963042  107.967297 -141.205738
   23     5 S C5BC   _C7_     6    1.535504  106.178966  -13.442641
   24    23 S  C5A   _C8_     6    1.401036  123.801551  -46.559117
   25    23 S C5BC   _C12     6    1.426726  131.520246  134.560687
   26    24 S   NA   _N2_     6    1.362124  110.666339  174.226170
   27    24 S   HA   _H13     6    1.082294  130.430692   -1.801787
   28    25 S  C5A   _C9_     6    1.403146  107.114050 -174.141062
   29    25 S   NI   _N5_     6    1.370344  129.997106    3.323450
   30    26 S    H   _H14     6    1.020961  125.722764 -178.110947
   31    28 S   CT   _C10     6    1.539299  122.038214  170.721143
   32    29 S  CDX   _C11     6    1.282252  117.507246 -179.852378
   33    31 S   NT   _N3_     6    1.434212  116.896757  139.140669
   34    31 S   NE   _N4_     6    1.473056  106.348729   14.275006
   35    31 S   HC   _H15     6    1.087432  108.375661 -101.010291
   36    32 S   HC   _H19     6    1.085772  121.214427 -176.979670
   37    33 S    H   _H16     6    1.023359  112.816181   57.650842
   38    33 S    H   _H17     6    1.024774  109.084893  176.075200
   39    34 S    H   _H18     6    1.009743  112.284346 -176.957224
NBON
     1   3.3000   0.1700  -0.780000   1.8650   1.6500   0.051222218  -2.220205820
     2   3.5000   0.0660   0.140000   1.9750   1.7500   0.005000000  -0.741685710
     3   3.5000   0.0660   0.205000   1.9750   1.7500   0.005000000  -0.741685710
     4   2.5000   0.0150   0.060000   1.4250   1.2500   0.008598240   0.268726247
     5   3.5000   0.0660   0.255000   1.9750   1.7500   0.005000000  -0.741685710
     6   0.5000   0.0300   0.380000   1.5900   1.4000   0.030040813  -0.651083722
     7   3.5000   0.0660   0.205000   1.9750   1.7500   0.005000000  -0.741685710
     8   2.5000   0.0300   0.060000   1.4250   1.2500   0.008598240   0.268726247
     9   2.5000   0.0300   0.060000   1.4250   1.2500   0.008598240   0.268726247
    10   2.5000   0.0150   0.060000   1.4250   1.2500   0.008598240   0.268726247
    11   3.5000   0.0660   0.047500   1.9750   1.7500   0.005000000  -0.741685710
    12   3.6000   0.3550  -0.335000   2.0300   1.8000   0.025682759  -1.666211680
    13   2.5000   0.0300   0.060000   1.4250   1.2500   0.008598240   0.268726247
    14   2.5000   0.0300   0.060000   1.4250   1.2500   0.008598240   0.268726247
    15   3.5000   0.0660  -0.012500   1.9750   1.7500   0.005000000  -0.741685710
    16   2.5000   0.0300   0.060000   1.4250   1.2500   0.008598240   0.268726247
    17   2.5000   0.0300   0.060000   1.4250   1.2500   0.008598240   0.268726247
    18   2.5000   0.0300   0.060000   1.4250   1.2500   0.008598240   0.268726247
    19   3.1200   0.1700  -0.683000   1.7660   1.5600   0.021068034  -0.322181743
    20   0.5000   0.0300   0.418000   0.9960   0.8600   0.030040813  -0.651083722
    21   3.1200   0.1700  -0.683000   1.7660   1.5600   0.021068034  -0.322181743
    22   0.5000   0.0300   0.418000   0.9960   0.8600   0.030040813  -0.651083722
    23   3.5500   0.0700  -0.146000   2.5000   1.7750   0.001000000  -0.843144165
    24   3.5500   0.0700  -0.163000   2.5000   1.7750   0.001000000  -0.843144165
    25   3.5500   0.0700  -0.000200   2.5000   1.7750   0.001000000  -0.843144165
    26   3.2500   0.1700  -0.239000   1.8650   1.6500   0.001000000  -0.511443539
    27   2.4200   0.0300   0.155000   1.3810   1.2100   0.030040813   0.268726247
    28   3.5500   0.0700  -0.163000   2.5000   1.7750   0.001000000  -0.843144165
    29   3.2800   0.1700  -0.389800   2.1120   1.8750   0.051222218  -2.220205820
    30   0.5000   0.0300   0.317000   1.5900   1.4000   0.030040813  -0.651083722
    31   3.5000   0.0660   0.397500   1.9750   1.7500   0.005000000  -0.741685710
    32   3.7500   0.1050   0.275900   2.0020   1.7750   0.023028004  -0.852763146
    33   3.3000   0.1700  -0.900000   1.8650   1.6500   0.051222218  -2.220205820
    34   3.2500   0.1700  -0.507500   2.1120   1.8750   0.051222218  -2.220205820
    35   2.5000   0.0150   0.060000   1.4250   1.2500   0.008598240   0.268726247
    36   2.4200   0.0300   0.058100   1.4250   1.2500   0.008598240   0.268726247
    37   0.5000   0.0300   0.360000   1.5900   1.4000   0.030040813  -0.651083722
    38   0.5000   0.0300   0.360000   1.5900   1.4000   0.030040813  -0.651083722
    39   0.5000   0.0300   0.410000   1.5900   1.4000   0.030040813  -0.651083722
BOND
    15    12   222.000  1.810
    15    16   340.000  1.090
    15    17   340.000  1.090
    15    18   340.000  1.090
    12    11   222.000  1.810
    11     2   268.000  1.529
    11    13   340.000  1.090
    11    14   340.000  1.090
     2     1   305.000  1.454
     2     3   268.000  1.529
     2     4   340.000  1.090
     1     5   305.000  1.454
     1     6   500.000  1.015
     7    19   320.000  1.410
     7     3   268.000  1.529
     7     5   268.000  1.529
     7     8   340.000  1.090
    19    20   553.000  0.945
     3    21   320.000  1.410
     3     9   340.000  1.090
    21    22   553.000  0.945
     5    23   285.000  1.502
     5    10   340.000  1.090
    23    24   546.000  1.367
    23    25   469.000  1.424
    24    26   427.000  1.381
    24    27   367.000  1.080
    26    28   427.000  1.381
    26    30   434.000  1.010
    28    31   295.000  1.489
    28    25   546.000  1.367
    31    33   382.000  1.448
    31    34   382.000  1.448
    31    35   340.000  1.090
    33    37   434.000  1.010
    33    38   434.000  1.010
    34    32   445.000  1.380
    34    39   434.000  1.010
    32    29   650.000  1.285
    32    36   370.000  1.091
    29    25   400.000  1.385
THET
    12    15    16    35.00000  109.50000
    12    15    17    35.00000  109.50000
    12    15    18    35.00000  109.50000
    16    15    17    33.00000  107.80000
    16    15    18    33.00000  107.80000
    17    15    18    33.00000  107.80000
    15    12    11    62.00000   98.90000
    12    11     2    75.00000  111.63000
    12    11    13    35.00000  109.50000
    12    11    14    35.00000  109.50000
     2    11    13    37.50000  110.70000
     2    11    14    37.50000  110.70000
    13    11    14    33.00000  107.80000
    11     2     1    80.00000  111.29100
    11     2     3    58.35000  112.70000
    11     2     4    37.50000  110.70000
     1     2     3    80.00000  111.29100
     1     2     4    50.00000  110.59500
     3     2     4    37.50000  110.70000
     2     1     5    75.00000  112.02600
     2     1     6    50.00000  109.23200
     5     1     6    50.00000  109.23200
    19     7     3    50.00000  109.50000
    19     7     5    50.00000  109.50000
    19     7     8    35.00000  109.50000
     3     7     5    58.35000  112.70000
     3     7     8    37.50000  110.70000
     5     7     8    37.50000  110.70000
     7    19    20    55.00000  108.50000
     2     3     7    58.35000  112.70000
     2     3    21    50.00000  109.50000
     2     3     9    37.50000  110.70000
     7     3    21    50.00000  109.50000
     7     3     9    37.50000  110.70000
    21     3     9    35.00000  109.50000
     3    21    22    55.00000  108.50000
     1     5     7    80.00000  111.29100
     1     5    23    75.00000  112.33000
     1     5    10    50.00000  110.59500
     7     5    23    70.00000  112.17500
     7     5    10    37.50000  110.70000
    23     5    10    35.00000  109.50000
     5    23    24    60.00000  130.00000
     5    23    25    60.00000  130.00000
    24    23    25    70.00000  107.30000
    23    24    26    70.00000  107.70000
    23    24    27    35.00000  132.10000
    26    24    27    35.00000  121.60000
    24    26    28    70.00000  109.80000
    24    26    30    35.00000  120.00000
    28    26    30    35.00000  120.00000
    26    28    31    65.00000  122.56900
    26    28    25    70.00000  107.70000
    31    28    25    50.00000  133.50000
    28    31    33    75.00000  112.58000
    28    31    34    75.00000  112.06000
    28    31    35    45.00000  110.47400
    33    31    34    90.00000  109.70000
    33    31    35    35.00000  109.50000
    34    31    35    35.00000  109.50000
    31    33    37    35.00000  109.50000
    31    33    38    35.00000  109.50000
    37    33    38    43.60000  106.40000
    31    34    32    50.00000  119.50000
    31    34    39    35.00000  112.50000
    32    34    39    35.00000  119.50000
    34    32    29    75.00000  124.36500
    34    32    36    50.00000  114.66700
    29    32    36    45.00000  121.92500
    32    29    25    70.00000  111.79000
    23    25    28    70.00000  107.30000
    23    25    29    70.00000  120.44500
    28    25    29    70.00000  120.44500
PHI
   16    15    12    11   0.00000  1.0 1.0
   16    15    12    11   0.00000 -1.0 2.0
   16    15    12    11   0.32350  1.0 3.0
   16    15    12    11   0.00000 -1.0 4.0
   17    15    12    11   0.00000  1.0 1.0
   17    15    12    11   0.00000 -1.0 2.0
   17    15    12    11   0.32350  1.0 3.0
   17    15    12    11   0.00000 -1.0 4.0
   18    15    12    11   0.00000  1.0 1.0
   18    15    12    11   0.00000 -1.0 2.0
   18    15    12    11   0.32350  1.0 3.0
   18    15    12    11   0.00000 -1.0 4.0
   15    12    11     2   0.01700  1.0 1.0
   15    12    11     2  -0.23550 -1.0 2.0
   15    12    11     2   0.21350  1.0 3.0
   15    12    11     2   0.00000 -1.0 4.0
   15    12    11    13   0.00000  1.0 1.0
   15    12    11    13   0.00000 -1.0 2.0
   15    12    11    13   0.32350  1.0 3.0
   15    12    11    13   0.00000 -1.0 4.0
   15    12    11    14   0.00000  1.0 1.0
   15    12    11    14   0.00000 -1.0 2.0
   15    12    11    14   0.32350  1.0 3.0
   15    12    11    14   0.00000 -1.0 4.0
   12    11     2     1   0.56750  1.0 1.0
   12    11     2     1  -0.07550 -1.0 2.0
   12    11     2     1   0.20000  1.0 3.0
   12    11     2     1   0.00000 -1.0 4.0
   12    11     2     3   0.44750  1.0 1.0
   12    11     2     3  -0.17800 -1.0 2.0
   12    11     2     3   0.20200  1.0 3.0
   12    11     2     3   0.00000 -1.0 4.0
   12    11     2     4   0.00000  1.0 1.0
   12    11     2     4   0.00000 -1.0 2.0
   12    11     2     4   0.15000  1.0 3.0
   12    11     2     4   0.00000 -1.0 4.0
   13    11     2     1   0.00000  1.0 1.0
   13    11     2     1   0.00000 -1.0 2.0
   13    11     2     1   0.15000  1.0 3.0
   13    11     2     1   0.00000 -1.0 4.0
   13    11     2     3   0.00000  1.0 1.0
   13    11     2     3   0.00000 -1.0 2.0
   13    11     2     3   0.15000  1.0 3.0
   13    11     2     3   0.00000 -1.0 4.0
   13    11     2     4   0.00000  1.0 1.0
   13    11     2     4   0.00000 -1.0 2.0
   13    11     2     4   0.15000  1.0 3.0
   13    11     2     4   0.00000 -1.0 4.0
   14    11     2     1   0.00000  1.0 1.0
   14    11     2     1   0.00000 -1.0 2.0
   14    11     2     1   0.15000  1.0 3.0
   14    11     2     1   0.00000 -1.0 4.0
   14    11     2     3   0.00000  1.0 1.0
   14    11     2     3   0.00000 -1.0 2.0
   14    11     2     3   0.15000  1.0 3.0
   14    11     2     3   0.00000 -1.0 4.0
   14    11     2     4   0.00000  1.0 1.0
   14    11     2     4   0.00000 -1.0 2.0
   14    11     2     4   0.15000  1.0 3.0
   14    11     2     4   0.00000 -1.0 4.0
   11     2     1     5  -0.35450  1.0 1.0
   11     2     1     5   0.44050 -1.0 2.0
   11     2     1     5   0.77100  1.0 3.0
   11     2     1     5   0.00000 -1.0 4.0
   11     2     1     6   0.03200  1.0 1.0
   11     2     1     6   0.33800 -1.0 2.0
   11     2     1     6   0.00000  1.0 3.0
   11     2     1     6   0.00000 -1.0 4.0
    3     2    -1     5  -0.35450  1.0 1.0
    3     2    -1     5   0.44050 -1.0 2.0
    3     2    -1     5   0.77100  1.0 3.0
    3     2    -1     5   0.00000 -1.0 4.0
    3     2     1     6   0.03200  1.0 1.0
    3     2     1     6   0.33800 -1.0 2.0
    3     2     1     6   0.00000  1.0 3.0
    3     2     1     6   0.00000 -1.0 4.0
    4     2     1     5   0.00000  1.0 1.0
    4     2     1     5   0.00000 -1.0 2.0
    4     2     1     5   0.28000  1.0 3.0
    4     2     1     5   0.00000 -1.0 4.0
    4     2     1     6   0.00000  1.0 1.0
    4     2     1     6   0.00000 -1.0 2.0
    4     2     1     6   0.20000  1.0 3.0
    4     2     1     6   0.00000 -1.0 4.0
   11     2     3     7   0.56750  1.0 1.0
   11     2     3     7  -0.07550 -1.0 2.0
   11     2     3     7   0.20000  1.0 3.0
   11     2     3     7   0.00000 -1.0 4.0
   11     2     3    21   0.86500  1.0 1.0
   11     2     3    21  -0.17500 -1.0 2.0
   11     2     3    21   0.20800  1.0 3.0
   11     2     3    21   0.00000 -1.0 4.0
   11     2     3     9   0.00000  1.0 1.0
   11     2     3     9   0.00000 -1.0 2.0
   11     2     3     9   0.15000  1.0 3.0
   11     2     3     9   0.00000 -1.0 4.0
    1     2    -3     7   1.53400  1.0 1.0
    1     2    -3     7  -0.09950 -1.0 2.0
    1     2    -3     7   0.05700  1.0 3.0
    1     2    -3     7   0.00000 -1.0 4.0
    1     2     3    21   4.49050  1.0 1.0
    1     2     3    21   0.00000 -1.0 2.0
    1     2     3    21   0.00000  1.0 3.0
    1     2     3    21   0.00000 -1.0 4.0
    1     2     3     9   0.00000  1.0 1.0
    1     2     3     9   0.00000 -1.0 2.0
    1     2     3     9   0.15000  1.0 3.0
    1     2     3     9   0.00000 -1.0 4.0
    4     2     3     7   0.00000  1.0 1.0
    4     2     3     7   0.00000 -1.0 2.0
    4     2     3     7   0.15000  1.0 3.0
    4     2     3     7   0.00000 -1.0 4.0
    4     2     3    21   0.00000  1.0 1.0
    4     2     3    21   0.00000 -1.0 2.0
    4     2     3    21   0.23400  1.0 3.0
    4     2     3    21   0.00000 -1.0 4.0
    4     2     3     9   0.00000  1.0 1.0
    4     2     3     9   0.00000 -1.0 2.0
    4     2     3     9   0.15000  1.0 3.0
    4     2     3     9   0.00000 -1.0 4.0
    2     1    -5     7  -0.35450  1.0 1.0
    2     1    -5     7   0.44050 -1.0 2.0
    2     1    -5     7   0.77100  1.0 3.0
    2     1    -5     7   0.00000 -1.0 4.0
    2     1     5    23   0.82600  1.0 1.0
    2     1     5    23  -0.32100 -1.0 2.0
    2     1     5    23   1.02000  1.0 3.0
    2     1     5    23   0.00000 -1.0 4.0
    2     1     5    10   0.00000  1.0 1.0
    2     1     5    10   0.00000 -1.0 2.0
    2     1     5    10   0.28000  1.0 3.0
    2     1     5    10   0.00000 -1.0 4.0
    6     1     5     7   0.03200  1.0 1.0
    6     1     5     7   0.33800 -1.0 2.0
    6     1     5     7   0.00000  1.0 3.0
    6     1     5     7   0.00000 -1.0 4.0
    6     1     5    23   0.76500  1.0 1.0
    6     1     5    23   0.05700 -1.0 2.0
    6     1     5    23  -0.90900  1.0 3.0
    6     1     5    23   0.00000 -1.0 4.0
    6     1     5    10   0.00000  1.0 1.0
    6     1     5    10   0.00000 -1.0 2.0
    6     1     5    10   0.20000  1.0 3.0
    6     1     5    10   0.00000 -1.0 4.0
    3     7    19    20  -0.11600  1.0 1.0
    3     7    19    20  -0.09450 -1.0 2.0
    3     7    19    20   0.21250  1.0 3.0
    3     7    19    20   0.00000 -1.0 4.0
    5     7    19    20  -0.11600  1.0 1.0
    5     7    19    20  -0.09450 -1.0 2.0
    5     7    19    20   0.21250  1.0 3.0
    5     7    19    20   0.00000 -1.0 4.0
    8     7    19    20   0.00000  1.0 1.0
    8     7    19    20   0.00000 -1.0 2.0
    8     7    19    20   0.19450  1.0 3.0
    8     7    19    20   0.00000 -1.0 4.0
   19     7     3     2   0.86500  1.0 1.0
   19     7     3     2  -0.17500 -1.0 2.0
   19     7     3     2   0.20800  1.0 3.0
   19     7     3     2   0.00000 -1.0 4.0
   19     7     3    21   3.75450  1.0 1.0
   19     7     3    21   0.00000 -1.0 2.0
   19     7     3    21   0.00000  1.0 3.0
   19     7     3    21   0.00000 -1.0 4.0
   19     7     3     9   0.00000  1.0 1.0
   19     7     3     9   0.00000 -1.0 2.0
   19     7     3     9   0.23400  1.0 3.0
   19     7     3     9   0.00000 -1.0 4.0
    5     7    -3     2   0.56750  1.0 1.0
    5     7    -3     2  -0.07550 -1.0 2.0
    5     7    -3     2   0.20000  1.0 3.0
    5     7    -3     2   0.00000 -1.0 4.0
    5     7     3    21   0.86500  1.0 1.0
    5     7     3    21  -0.17500 -1.0 2.0
    5     7     3    21   0.20800  1.0 3.0
    5     7     3    21   0.00000 -1.0 4.0
    5     7     3     9   0.00000  1.0 1.0
    5     7     3     9   0.00000 -1.0 2.0
    5     7     3     9   0.15000  1.0 3.0
    5     7     3     9   0.00000 -1.0 4.0
    8     7     3     2   0.00000  1.0 1.0
    8     7     3     2   0.00000 -1.0 2.0
    8     7     3     2   0.15000  1.0 3.0
    8     7     3     2   0.00000 -1.0 4.0
    8     7     3    21   0.00000  1.0 1.0
    8     7     3    21   0.00000 -1.0 2.0
    8     7     3    21   0.23400  1.0 3.0
    8     7     3    21   0.00000 -1.0 4.0
    8     7     3     9   0.00000  1.0 1.0
    8     7     3     9   0.00000 -1.0 2.0
    8     7     3     9   0.15000  1.0 3.0
    8     7     3     9   0.00000 -1.0 4.0
   19     7     5     1   4.49050  1.0 1.0
   19     7     5     1   0.00000 -1.0 2.0
   19     7     5     1   0.00000  1.0 3.0
   19     7     5     1   0.00000 -1.0 4.0
   19     7     5    23   1.13150  1.0 1.0
   19     7     5    23  -1.01400 -1.0 2.0
   19     7     5    23   0.00000  1.0 3.0
   19     7     5    23   0.00000 -1.0 4.0
   19     7     5    10   0.00000  1.0 1.0
   19     7     5    10   0.00000 -1.0 2.0
   19     7     5    10   0.23400  1.0 3.0
   19     7     5    10   0.00000 -1.0 4.0
    3     7    -5     1   1.53400  1.0 1.0
    3     7    -5     1  -0.09950 -1.0 2.0
    3     7    -5     1   0.05700  1.0 3.0
    3     7    -5     1   0.00000 -1.0 4.0
    3     7     5    23  -0.03700  1.0 1.0
    3     7     5    23   0.37200 -1.0 2.0
    3     7     5    23  -0.47300  1.0 3.0
    3     7     5    23   0.00000 -1.0 4.0
    3     7     5    10   0.00000  1.0 1.0
    3     7     5    10   0.00000 -1.0 2.0
    3     7     5    10   0.15000  1.0 3.0
    3     7     5    10   0.00000 -1.0 4.0
    8     7     5     1   0.00000  1.0 1.0
    8     7     5     1   0.00000 -1.0 2.0
    8     7     5     1   0.15000  1.0 3.0
    8     7     5     1   0.00000 -1.0 4.0
    8     7     5    23   0.00000  1.0 1.0
    8     7     5    23   0.00000 -1.0 2.0
    8     7     5    23   0.43200  1.0 3.0
    8     7     5    23   0.00000 -1.0 4.0
    8     7     5    10   0.00000  1.0 1.0
    8     7     5    10   0.00000 -1.0 2.0
    8     7     5    10   0.15000  1.0 3.0
    8     7     5    10   0.00000 -1.0 4.0
    2     3    21    22  -0.11600  1.0 1.0
    2     3    21    22  -0.09450 -1.0 2.0
    2     3    21    22   0.21250  1.0 3.0
    2     3    21    22   0.00000 -1.0 4.0
    7     3    21    22  -0.11600  1.0 1.0
    7     3    21    22  -0.09450 -1.0 2.0
    7     3    21    22   0.21250  1.0 3.0
    7     3    21    22   0.00000 -1.0 4.0
    9     3    21    22   0.00000  1.0 1.0
    9     3    21    22   0.00000 -1.0 2.0
    9     3    21    22   0.19450  1.0 3.0
    9     3    21    22   0.00000 -1.0 4.0
    1     5    23    24   0.00000  1.0 1.0
    1     5    23    24   0.18550 -1.0 2.0
    1     5    23    24   0.14000  1.0 3.0
    1     5    23    24   0.00000 -1.0 4.0
    1     5    23    25   0.00000  1.0 1.0
    1     5    23    25   0.18550 -1.0 2.0
    1     5    23    25   0.14000  1.0 3.0
    1     5    23    25   0.00000 -1.0 4.0
    7     5    23    24   0.00000  1.0 1.0
    7     5    23    24   0.04150 -1.0 2.0
    7     5    23    24   0.00000  1.0 3.0
    7     5    23    24   0.00000 -1.0 4.0
    7     5    23    25   0.00000  1.0 1.0
    7     5    23    25   0.04150 -1.0 2.0
    7     5    23    25   0.00000  1.0 3.0
    7     5    23    25   0.00000 -1.0 4.0
   10     5    23    24   0.00000  1.0 1.0
   10     5    23    25   0.00000  1.0 1.0
    5    23    24    26   0.00000  1.0 1.0
    5    23    24    26   3.62500 -1.0 2.0
    5    23    24    26   0.00000  1.0 3.0
    5    23    24    26   0.00000 -1.0 4.0
    5    23    24    27   0.00000  1.0 1.0
    5    23    24    27   3.62500 -1.0 2.0
    5    23    24    27   0.00000  1.0 3.0
    5    23    24    27   0.00000 -1.0 4.0
   25    23   -24    26   0.00000  1.0 1.0
   25    23   -24    26   3.62500 -1.0 2.0
   25    23   -24    26   0.00000  1.0 3.0
   25    23   -24    26   0.00000 -1.0 4.0
   25    23    24    27   0.00000  1.0 1.0
   25    23    24    27   3.62500 -1.0 2.0
   25    23    24    27   0.00000  1.0 3.0
   25    23    24    27   0.00000 -1.0 4.0
    5    23    25    28   0.00000  1.0 1.0
    5    23    25    28   3.62500 -1.0 2.0
    5    23    25    28   0.00000  1.0 3.0
    5    23    25    28   0.00000 -1.0 4.0
    5    23    25    29   0.00000  1.0 1.0
    5    23    25    29   3.62500 -1.0 2.0
    5    23    25    29   0.00000  1.0 3.0
    5    23    25    29   0.00000 -1.0 4.0
   24    23   -25    28   0.00000  1.0 1.0
   24    23   -25    28   3.62500 -1.0 2.0
   24    23   -25    28   0.00000  1.0 3.0
   24    23   -25    28   0.00000 -1.0 4.0
   24    23    25    29   0.00000  1.0 1.0
   24    23    25    29   3.62500 -1.0 2.0
   24    23    25    29   0.00000  1.0 3.0
   24    23    25    29   0.00000 -1.0 4.0
   23    24   -26    28   0.00000  1.0 1.0
   23    24   -26    28   3.62500 -1.0 2.0
   23    24   -26    28   0.00000  1.0 3.0
   23    24   -26    28   0.00000 -1.0 4.0
   23    24    26    30   0.00000  1.0 1.0
   23    24    26    30   2.00000 -1.0 2.0
   23    24    26    30   0.00000  1.0 3.0
   23    24    26    30   0.00000 -1.0 4.0
   27    24    26    28   0.00000  1.0 1.0
   27    24    26    28   3.62500 -1.0 2.0
   27    24    26    28   0.00000  1.0 3.0
   27    24    26    28   0.00000 -1.0 4.0
   27    24    26    30   0.00000  1.0 1.0
   27    24    26    30   2.00000 -1.0 2.0
   27    24    26    30   0.00000  1.0 3.0
   27    24    26    30   0.00000 -1.0 4.0
   24    26    28    31   0.00000  1.0 1.0
   24    26    28    31   3.62500 -1.0 2.0
   24    26    28    31   0.00000  1.0 3.0
   24    26    28    31   0.00000 -1.0 4.0
   24    26   -28    25   0.00000  1.0 1.0
   24    26   -28    25   3.62500 -1.0 2.0
   24    26   -28    25   0.00000  1.0 3.0
   24    26   -28    25   0.00000 -1.0 4.0
   30    26    28    31   0.00000  1.0 1.0
   30    26    28    31   2.00000 -1.0 2.0
   30    26    28    31   0.00000  1.0 3.0
   30    26    28    31   0.00000 -1.0 4.0
   30    26    28    25   0.00000  1.0 1.0
   30    26    28    25   2.00000 -1.0 2.0
   30    26    28    25   0.00000  1.0 3.0
   30    26    28    25   0.00000 -1.0 4.0
   26    28    31    33   0.00000  1.0 1.0
   26    28    31    33   0.04300 -1.0 2.0
   26    28    31    33   0.00000  1.0 3.0
   26    28    31    33   0.00000 -1.0 4.0
   26    28    31    34   0.00000  1.0 1.0
   26    28    31    34   0.04300 -1.0 2.0
   26    28    31    34   0.00000  1.0 3.0
   26    28    31    34   0.00000 -1.0 4.0
   26    28    31    35   0.00000  1.0 1.0
   25    28    31    33   0.00000  1.0 1.0
   25    28    31    33   0.18550 -1.0 2.0
   25    28    31    33   0.14000  1.0 3.0
   25    28    31    33   0.00000 -1.0 4.0
   25    28    31    34  -0.06000  1.0 1.0
   25    28    31    34   0.30500 -1.0 2.0
   25    28    31    34   0.09200  1.0 3.0
   25    28    31    34   0.00000 -1.0 4.0
   25    28    31    35   0.00000  1.0 1.0
   26    28   -25    23   0.00000  1.0 1.0
   26    28   -25    23   3.62500 -1.0 2.0
   26    28   -25    23   0.00000  1.0 3.0
   26    28   -25    23   0.00000 -1.0 4.0
   26    28    25    29   0.00000  1.0 1.0
   26    28    25    29   3.62500 -1.0 2.0
   26    28    25    29   0.00000  1.0 3.0
   26    28    25    29   0.00000 -1.0 4.0
   31    28    25    23   0.00000  1.0 1.0
   31    28    25    23   3.62500 -1.0 2.0
   31    28    25    23   0.00000  1.0 3.0
   31    28    25    23   0.00000 -1.0 4.0
   31    28    25    29   0.00000  1.0 1.0
   31    28    25    29   3.62500 -1.0 2.0
   31    28    25    29   0.00000  1.0 3.0
   31    28    25    29   0.00000 -1.0 4.0
   28    31    33    37   0.76500  1.0 1.0
   28    31    33    37   0.05700 -1.0 2.0
   28    31    33    37  -0.90900  1.0 3.0
   28    31    33    37   0.00000 -1.0 4.0
   28    31    33    38   0.76500  1.0 1.0
   28    31    33    38   0.05700 -1.0 2.0
   28    31    33    38  -0.90900  1.0 3.0
   28    31    33    38   0.00000 -1.0 4.0
   34    31    33    37  -0.05900  1.0 1.0
   34    31    33    37   0.08350 -1.0 2.0
   34    31    33    37   0.12500  1.0 3.0
   34    31    33    37   0.00000 -1.0 4.0
   34    31    33    38  -0.05900  1.0 1.0
   34    31    33    38   0.08350 -1.0 2.0
   34    31    33    38   0.12500  1.0 3.0
   34    31    33    38   0.00000 -1.0 4.0
   35    31    33    37   0.00000  1.0 1.0
   35    31    33    37   0.00000 -1.0 2.0
   35    31    33    37   0.20000  1.0 3.0
   35    31    33    37   0.00000 -1.0 4.0
   35    31    33    38   0.00000  1.0 1.0
   35    31    33    38   0.00000 -1.0 2.0
   35    31    33    38   0.20000  1.0 3.0
   35    31    33    38   0.00000 -1.0 4.0
   28    31    34    32  -0.12500  1.0 1.0
   28    31    34    32  -0.12500 -1.0 2.0
   28    31    34    32   0.25000  1.0 3.0
   28    31    34    32   0.00000 -1.0 4.0
   28    31    34    39   0.00000  1.0 1.0
   33    31    34    32  -0.12500  1.0 1.0
   33    31    34    32  -0.12500 -1.0 2.0
   33    31    34    32   0.25000  1.0 3.0
   33    31    34    32   0.00000 -1.0 4.0
   33    31    34    39  -0.12500  1.0 1.0
   33    31    34    39  -0.12500 -1.0 2.0
   33    31    34    39   0.25000  1.0 3.0
   33    31    34    39   0.00000 -1.0 4.0
   35    31    34    32   0.00000  1.0 1.0
   35    31    34    39   0.00000  1.0 1.0
   31    34   -32    29  -0.86000  1.0 1.0
   31    34   -32    29   0.84650 -1.0 2.0
   31    34   -32    29   0.00000  1.0 3.0
   31    34   -32    29   0.00000 -1.0 4.0
   31    34    32    36   0.00000  1.0 1.0
   39    34    32    29   0.00000  1.0 1.0
   39    34    32    29   1.50000 -1.0 2.0
   39    34    32    29   0.00000  1.0 3.0
   39    34    32    29   0.00000 -1.0 4.0
   39    34    32    36   0.00000  1.0 1.0
   39    34    32    36   1.00000 -1.0 2.0
   39    34    32    36   0.00000  1.0 3.0
   39    34    32    36   0.00000 -1.0 4.0
   34    32   -29    25   0.00000  1.0 1.0
   34    32   -29    25   6.00000 -1.0 2.0
   34    32   -29    25   0.00000  1.0 3.0
   34    32   -29    25   0.00000 -1.0 4.0
   36    32    29    25   0.00000  1.0 1.0
   36    32    29    25   4.00000 -1.0 2.0
   36    32    29    25   0.00000  1.0 3.0
   36    32    29    25   0.00000 -1.0 4.0
   32    29    25    23   0.00000  1.0 1.0
   32    29    25    23   1.25000 -1.0 2.0
   32    29    25    23   0.00000  1.0 3.0
   32    29    25    23   0.00000 -1.0 4.0
   32    29   -25    28   0.00000  1.0 1.0
   32    29   -25    28   1.25000 -1.0 2.0
   32    29   -25    28   0.00000  1.0 3.0
   32    29   -25    28   0.00000 -1.0 4.0
IPHI
    24    25    23     5   4.00000 -1.0 2.0
    26    27    24    23   1.10000 -1.0 2.0
    30    24    26    28   1.00000 -1.0 2.0
    31    25    28    26   4.00000 -1.0 2.0
    39    32    34    31   1.00000 -1.0 2.0
    34    36    32    29  10.50000 -1.0 2.0
    28    29    25    23   4.00000 -1.0 2.0
END