#Task    Step    numberOfAcceptedPeleSteps    currentEnergy    Binding Energy    sasaLig    
1    0    0    -9852.52    -16.5661    0.063542    
1    2    1    -9862.41    -16.8374    0.0503961    
1    4    2    -9863.1    -16.8776    0.0570155    
1    7    3    -9858.21    -17.0075    0.0544613    
1    8    4    -9857.44    -12.4822    0.0535425    
1    10    5    -9865.94    -19.3229    0.0545925    
1    12    6    -9863.14    -14.7131    0.0610571    
1    14    7    -9865.67    -17.0742    0.0474705    
1    16    8    -9862.94    -13.7196    0.0517527    
1    18    9    -9862.48    -14.583    0.0939799    
1    20    10    -9861.4    -14.1334    0.109435    
1    21    11    -9861.79    -13.721    0.0826423    
1    22    12    -9862.12    -15.7597    0.0882274    
1    24    13    -9862.44    -17.2336    0.0803264    
