#Task    Step    numberOfAcceptedPeleSteps    currentEnergy    Binding Energy    sasaLig    
1    0    0    -9870.18    -25.4538    0.0218174    
1    1    1    -9866.4    -25.9506    0.0184913    
1    4    2    -9867.68    -24.5538    0.0128904    
1    9    3    -9858.1    -25.1662    0.015416    
1    10    4    -9865.28    -23.2436    0.0129076    
1    11    5    -9864.71    -25.4693    0.0223718    
1    12    6    -9866.14    -24.3294    0.0146246    
1    14    7    -9870.76    -25.8767    0.0198713    
1    16    8    -9868.58    -24.7723    0.0231863    
1    18    9    -9868.96    -24.5809    0.0294844    
1    20    10    -9864.18    -19.8895    0.0222366    
1    22    11    -9863    -18.168    0.0282963    
1    24    12    -9872.16    -24.4489    0.0621404    
