* LIGAND DATABASE FILE (OPLS2005)
*
LIG      15    16    24      39       0
    1     0 M   NA   _N1_     6   68.483433   20.735330  -55.582525
    2     1 M CRAB   _C1_     6    1.344500   51.270027 -109.208956
    3     1 M C56A   _C5_     6    1.357676   69.826949   24.473041
    4     1 M    H   _H1_     6    1.006916  144.160819  149.163164
    5     2 M  NNA   _N2_     6    1.308068  112.321568   45.520239
    6     2 M   HA   _H2_     6    1.082148  121.866809 -134.947564
    7     5 M C56B   _C2_     6    1.339003  105.343839   -0.048017
    8     7 M   CA   _C3_     6    1.415217  132.189392 -178.527322
    9     8 M   NB   _N4_     6    1.360827  117.819663 -179.283727
   10     9 M   CQ   _C4_     6    1.341557  118.163207   -2.422439
   11    10 M   NB   _N5_     6    1.342498  129.249725   -0.209240
   12    10 M   HA   _H5_     6    1.077872  115.483190 -179.738518
   13     8 S  NND   _N3_     6    1.395932  123.469958    2.516375
   14    13 S    H   _H3_     6    1.019902  119.467476  173.841588
   15    13 S    H   _H4_     6    1.019476  119.395622   -3.205379
NBON
     1   3.2500   0.1700  -0.500000   1.8650   1.6500   0.001000000  -0.511443539
     2   3.5000   0.0800   0.200000   2.0020   1.7750   0.001000000  -0.843144165
     3   3.5000   0.0800   0.380000   2.5000   1.7750   0.001000000  -0.843144165
     4   0.5000   0.0300   0.350000   1.5900   1.4000   0.030040813  -0.651083722
     5   3.2500   0.1700  -0.490000   1.8100   1.6000   0.054801302  -1.445846770
     6   2.5000   0.0500   0.200000   1.3810   1.2100   0.030040813   0.268726247
     7   3.5000   0.0800   0.150000   2.5000   1.7750   0.001000000  -0.843144165
     8   3.5000   0.0800   0.440000   2.5000   1.7750   0.001000000  -0.843144165
     9   3.2500   0.1700  -0.530000   1.8100   1.6000   0.054801302  -1.445846770
    10   3.5000   0.0800   0.220000   2.0020   1.7750   0.001000000  -0.843144165
    11   3.2500   0.1700  -0.550000   1.8100   1.6000   0.054801302  -1.445846770
    12   2.5000   0.0500   0.200000   1.3810   1.2100   0.030040813   0.268726247
    13   3.2500   0.1700  -0.810000   2.1120   1.8750   0.051222218  -2.220205820
    14   0.5000   0.0300   0.370000   1.5900   1.4000   0.030040813  -0.651083722
    15   0.5000   0.0300   0.370000   1.5900   1.4000   0.030040813  -0.651083722
BOND
     1     2   440.000  1.371
     1     3   428.000  1.380
     1     4   434.000  1.010
     2     5   529.000  1.304
     2     6   367.000  1.080
     5     7   414.000  1.391
     7     8   469.000  1.404
     7     3   447.000  1.419
     8    13   481.000  1.340
     8     9   483.000  1.339
    13    14   434.000  1.010
    13    15   434.000  1.010
     9    10   502.000  1.324
    10    11   502.000  1.324
    10    12   367.000  1.080
    11     3   461.000  1.354
THET
     2     1     3    70.00000  105.40000
     2     1     4    30.00000  128.80000
     3     1     4    35.00000  123.10000
     1     2     5    70.00000  113.90000
     1     2     6    35.00000  123.05000
     5     2     6    35.00000  123.05000
     2     5     7    70.00000  103.80000
     5     7     8    70.00000  132.40000
     5     7     3    70.00000  110.40000
     8     7     3    85.00000  116.20000
     7     8    13    70.00000  123.50000
     7     8     9    70.00000  117.30000
    13     8     9    70.00000  119.30000
     8    13    14    35.00000  120.00000
     8    13    15    35.00000  120.00000
    14    13    15    35.00000  120.00000
     8     9    10    70.00000  118.60000
     9    10    11    70.00000  129.10000
     9    10    12    35.00000  115.45000
    11    10    12    35.00000  115.45000
    10    11     3    70.00000  111.00000
     1     3     7    70.00000  104.40000
     1     3    11    70.00000  126.20000
     7     3    11    70.00000  127.70000
PHI
    3     1    -2     5   0.00000  1.0 1.0
    3     1    -2     5   3.62500 -1.0 2.0
    3     1    -2     5   0.00000  1.0 3.0
    3     1    -2     5   0.00000 -1.0 4.0
    3     1     2     6   0.00000  1.0 1.0
    3     1     2     6   3.62500 -1.0 2.0
    3     1     2     6   0.00000  1.0 3.0
    3     1     2     6   0.00000 -1.0 4.0
    4     1     2     5   0.00000  1.0 1.0
    4     1     2     5   2.00000 -1.0 2.0
    4     1     2     5   0.00000  1.0 3.0
    4     1     2     5   0.00000 -1.0 4.0
    4     1     2     6   0.00000  1.0 1.0
    4     1     2     6   2.32500 -1.0 2.0
    4     1     2     6   0.00000  1.0 3.0
    4     1     2     6   0.00000 -1.0 4.0
    2     1    -3     7   0.00000  1.0 1.0
    2     1    -3     7   3.62500 -1.0 2.0
    2     1    -3     7   0.00000  1.0 3.0
    2     1    -3     7   0.00000 -1.0 4.0
    2     1     3    11   0.00000  1.0 1.0
    2     1     3    11   3.62500 -1.0 2.0
    2     1     3    11   0.00000  1.0 3.0
    2     1     3    11   0.00000 -1.0 4.0
    4     1     3     7   0.00000  1.0 1.0
    4     1     3     7   1.52500 -1.0 2.0
    4     1     3     7   0.00000  1.0 3.0
    4     1     3     7   0.00000 -1.0 4.0
    4     1     3    11   0.00000  1.0 1.0
    4     1     3    11   2.00000 -1.0 2.0
    4     1     3    11   0.00000  1.0 3.0
    4     1     3    11   0.00000 -1.0 4.0
    1     2    -5     7   0.00000  1.0 1.0
    1     2    -5     7   3.62500 -1.0 2.0
    1     2    -5     7   0.00000  1.0 3.0
    1     2    -5     7   0.00000 -1.0 4.0
    6     2     5     7   0.00000  1.0 1.0
    6     2     5     7   3.62500 -1.0 2.0
    6     2     5     7   0.00000  1.0 3.0
    6     2     5     7   0.00000 -1.0 4.0
    2     5     7     8   0.00000  1.0 1.0
    2     5     7     8   3.62500 -1.0 2.0
    2     5     7     8   0.00000  1.0 3.0
    2     5     7     8   0.00000 -1.0 4.0
    2     5    -7     3   0.00000  1.0 1.0
    2     5    -7     3   3.62500 -1.0 2.0
    2     5    -7     3   0.00000  1.0 3.0
    2     5    -7     3   0.00000 -1.0 4.0
    5     7     8    13   0.00000  1.0 1.0
    5     7     8    13   3.62500 -1.0 2.0
    5     7     8    13   0.00000  1.0 3.0
    5     7     8    13   0.00000 -1.0 4.0
    5     7     8     9   0.00000  1.0 1.0
    5     7     8     9   3.62500 -1.0 2.0
    5     7     8     9   0.00000  1.0 3.0
    5     7     8     9   0.00000 -1.0 4.0
    3     7     8    13   0.00000  1.0 1.0
    3     7     8    13   3.62500 -1.0 2.0
    3     7     8    13   0.00000  1.0 3.0
    3     7     8    13   0.00000 -1.0 4.0
    3     7     8     9   0.00000  1.0 1.0
    3     7     8     9   3.62500 -1.0 2.0
    3     7     8     9   0.00000  1.0 3.0
    3     7     8     9   0.00000 -1.0 4.0
    5     7    -3     1   0.00000  1.0 1.0
    5     7    -3     1   3.62500 -1.0 2.0
    5     7    -3     1   0.00000  1.0 3.0
    5     7    -3     1   0.00000 -1.0 4.0
    5     7     3    11   0.00000  1.0 1.0
    5     7     3    11   3.62500 -1.0 2.0
    5     7     3    11   0.00000  1.0 3.0
    5     7     3    11   0.00000 -1.0 4.0
    8     7     3     1   0.00000  1.0 1.0
    8     7     3     1   3.00000 -1.0 2.0
    8     7     3     1   0.00000  1.0 3.0
    8     7     3     1   0.00000 -1.0 4.0
    8     7     3    11   0.00000  1.0 1.0
    8     7     3    11   3.62500 -1.0 2.0
    8     7     3    11   0.00000  1.0 3.0
    8     7     3    11   0.00000 -1.0 4.0
    7     8    13    14   0.00000  1.0 1.0
    7     8    13    14   0.70000 -1.0 2.0
    7     8    13    14   0.00000  1.0 3.0
    7     8    13    14   0.00000 -1.0 4.0
    7     8    13    15   0.00000  1.0 1.0
    7     8    13    15   0.70000 -1.0 2.0
    7     8    13    15   0.00000  1.0 3.0
    7     8    13    15   0.00000 -1.0 4.0
    9     8    13    14   0.00000  1.0 1.0
    9     8    13    14   0.70000 -1.0 2.0
    9     8    13    14   0.00000  1.0 3.0
    9     8    13    14   0.00000 -1.0 4.0
    9     8    13    15   0.00000  1.0 1.0
    9     8    13    15   0.70000 -1.0 2.0
    9     8    13    15   0.00000  1.0 3.0
    9     8    13    15   0.00000 -1.0 4.0
    7     8     9    10   0.00000  1.0 1.0
    7     8     9    10   3.62500 -1.0 2.0
    7     8     9    10   0.00000  1.0 3.0
    7     8     9    10   0.00000 -1.0 4.0
   13     8     9    10   0.00000  1.0 1.0
   13     8     9    10   3.62500 -1.0 2.0
   13     8     9    10   0.00000  1.0 3.0
   13     8     9    10   0.00000 -1.0 4.0
    8     9   -10    11   0.00000  1.0 1.0
    8     9   -10    11   3.62500 -1.0 2.0
    8     9   -10    11   0.00000  1.0 3.0
    8     9   -10    11   0.00000 -1.0 4.0
    8     9    10    12   0.00000  1.0 1.0
    8     9    10    12   3.62500 -1.0 2.0
    8     9    10    12   0.00000  1.0 3.0
    8     9    10    12   0.00000 -1.0 4.0
    9    10   -11     3   0.00000  1.0 1.0
    9    10   -11     3   3.62500 -1.0 2.0
    9    10   -11     3   0.00000  1.0 3.0
    9    10   -11     3   0.00000 -1.0 4.0
   12    10    11     3   0.00000  1.0 1.0
   12    10    11     3   3.62500 -1.0 2.0
   12    10    11     3   0.00000  1.0 3.0
   12    10    11     3   0.00000 -1.0 4.0
   10    11     3     1   0.00000  1.0 1.0
   10    11     3     1   3.62500 -1.0 2.0
   10    11     3     1   0.00000  1.0 3.0
   10    11     3     1   0.00000 -1.0 4.0
   10    11    -3     7   0.00000  1.0 1.0
   10    11    -3     7   3.62500 -1.0 2.0
   10    11    -3     7   0.00000  1.0 3.0
   10    11    -3     7   0.00000 -1.0 4.0
IPHI
     4     2     1     3   1.00000 -1.0 2.0
     5     6     2     1   1.10000 -1.0 2.0
     8     3     7     5   4.00000 -1.0 2.0
    13     9     8     7   4.00000 -1.0 2.0
    15     8    13    14   1.00000 -1.0 2.0
    11    12    10     9   1.10000 -1.0 2.0
     7    11     3     1   4.00000 -1.0 2.0
END