#Task    Step    numberOfAcceptedPeleSteps    currentEnergy    Binding Energy    sasaLig    
1     0     0     -9863.95     -17.7897     0.0453703
1     2     1     -9866.26     -18.1394     0.0612271
1     4     2     -9863.62     -14.2662     0.0619987
1     8     3     -9866.53     -17.3451     0.0444959
1     10     4     -9866.97     -17.391     0.0409787
1     16     5     -9870.62     -20.0880337979579     0.0397698
1     20     6     -9868.65     -18.340421966843902     0.055768
1     22     7     -9872.8     -20.2119337979579     0.0376254
1     24     8     -9872.18     -20.0462337979579     0.0408479
