#Task    Step    numberOfAcceptedPeleSteps    currentEnergy    Binding Energy    sasaLig    
1     0     0     -9853.41     -23.9349     0.0101669
1     1     1     -9854.09     -27.1641     0.0230847
1     2     2     -9847.76     -17.8467     0.0177794
1     3     3     -9855.73     -24.4043     0.0159742
1     4     4     -9871.76     -29.925688151256498     0.0143441
1     6     5     -9869.84     -27.8549881512565     0.0164565
1     7     6     -9866.58     -25.8704     0.0189082
1     10     7     -9873.48     -29.1263881512565     0.0117478
1     11     8     -9871.27     -28.7009881512565     0.0172782
1     13     9     -9873.58     -32.7036881512565     0.0110475
1     14     10     -9876.59     -30.581988151256496     0.0156481
1     21     11     -9870.35     -31.828388151256497     0.0130634
1     22     12     -9877.29     -30.982588151256497     0.0176042
