#Task    Step    numberOfAcceptedPeleSteps    currentEnergy    Binding Energy    sasaLig    
1     0     0     -9880.88     -28.6666     0.0206073
1     6     1     -9883.45     -29.6407698704046     0.0190201
1     12     2     -9881.81     -26.5311698704046     0.0170953
1     14     3     -9884.78     -28.9339698704046     0.0218311
1     16     4     -9881.76     -28.3383698704046     0.0218654
1     17     5     -9872.19     -27.8589698704046     0.0171265
1     18     6     -9870.68     -23.5360698704046     0.0234628
1     20     7     -9875.6     -26.0101698704046     0.0233052
1     21     8     -9870.06     -28.251869870404597     0.0240524
1     22     9     -9871.11     -24.4959698704046     0.0144633
1     24     10     -9875.49     -26.9305698704046     0.0163265
