#Task    Step    numberOfAcceptedPeleSteps    currentEnergy    Binding Energy    sasaLig    
1    0    0    -9865.1    -22.8115    0.0247463    
1    2    1    -9862.54    -20.2859    0.0223456    
1    4    2    -9866.89    -22.7645    0.0228176    
1    8    3    -9869.44    -23.5117    0.0235423    
1    9    4    -9871.13    -24.6384    0.0224925    
1    14    5    -9871.61    -22.6433    0.0215779    
1    15    6    -9869.78    -24.1563    0.0199524    
1    22    7    -9868.84    -20.1754    0.0241829    
1    23    8    -9869.2    -23.8364    0.022757    
