#Task    Step    numberOfAcceptedPeleSteps    currentEnergy    Binding Energy    sasaLig    
1    0    0    -9858.89    -22.2389    0.0211483    
1    1    1    -9857.25    -21.9379    0.0267552    
1    2    2    -9861.18    -21.9648    0.0229301    
1    5    3    -9852.77    -19.8744    0.0361144    
1    6    4    -9858.03    -17.2772    0.0435427    
1    8    5    -9861.51    -20.0496    0.0431261    
1    10    6    -9859.5    -18.0419    0.0430527    
1    12    7    -9856.04    -17.1721    0.0563855    
1    13    8    -9852.21    -23.557    0.0264525    
1    14    9    -9855.68    -17.7377    0.029027    
1    16    10    -9861.84    -22.2942    0.0263393    
1    17    11    -9860.66    -23.6336    0.0392342    
1    20    12    -9859.91    -16.8298    0.0727078    
1    22    13    -9863.88    -19.4061    0.0462393    
1    24    14    -9862.13    -17.7316    0.0518253    
